 PATAMAR DE DEFICIT
 NUMERO DE PATAMARES DE DEFICIT
 XXX
   1
 CUSTO DO DEFICIT
 NUM|NOME SSIS.|    CUSTO DE DEFICIT POR PATAMAR  | P.U. CORTE POR PATAMAR|
 XXX|XXXXXXXXXX| F|XXXX.XX XXXX.XX XXXX.XX XXXX.XX|X.XXX X.XXX X.XXX X.XXX|
 1   SUDESTE     0 7643.82 0000.00 0000.00 0000.00 1.000 0.000 0.000 0.000
 2   SUL         0 7643.82 0000.00 0000.00 0000.00 1.000 0.000 0.000 0.000
 3   NORDESTE    0 7643.82 0000.00 0000.00 0000.00 1.000 0.000 0.000 0.000
 4   NORTE       0 7643.82 0000.00 0000.00 0000.00 1.000 0.000 0.000 0.000
 11  NOFICT1     1
 999
 LIMITES DE INTERCAMBIO
 A   B   A->B    B->A
 XXX XXX XJAN. XXXFEV. XXXMAR. XXXABR. XXXMAI. XXXJUN. XXXJUL. XXXAGO. XXXSET. XXXOUT. XXXNOV. XXXDEZ.
   1   2               0
2022                                             9308.   9712.  11788.  11835.  11860.  11850.  11831.
2023    11831.  11845.  11816.  11880.  11804.  11809.  11820.  11788.  11850.  11845.  11850.  11860.
2024    11831.  11840.  11860.  11820.  11820.  11825.  11788.  11804.  11835.  11816.  11850.  11845.
2025    11831.  11829.  11860.  11850.  11820.  11825.  11788.  11820.  11820.  11816.  11850.  11831.
2026    11845.  11845.  11831.  11850.  11836.  11809.  11788.  11820.  11835.  11845.  11850.  11831.
  
2022                                             6274.   6689.   7509.   7570.   7817.   7800.   7766.
2023     7766.   7790.   7740.   7853.   7718.   7727.   7746.   7690.   7800.   7791.   7800.   7817.
2024     7766.   7782.   7817.   7747.   7746.   7756.   7690.   7718.   7773.   7740.   7800.   7791.
2025     7766.   7762.   7817.   7800.   7746.   7756.   7690.   7746.   7747.   7740.   7800.   7766.
2026     7791.   7790.   7766.   7800.   7774.   7727.   7690.   7746.   7773.   7791.   7800.   7766.
   1  11               0
2022                                             4000.   4000.   4000.   4000.   4000.   5000.   5000.
2023     5000.   5000.   5000.   5000.   5000.   5000.   5000.   5000.   5000.   5000.   5000.   5000.
2024     5000.   5000.   5000.   5000.   5000.   5000.   5000.   5000.   5000.   5000.   5000.   5000.
2025     5000.   5000.   5000.   5000.   5000.   5000.   5000.   5000.   5000.   5000.   5000.   5000.
2026     5000.   5000.   5000.   5000.   5000.   5000.   5000.   5000.   5000.   5000.   5000.   5000.
  
2022                                             3693.   3693.   3693.   3693.   3693.   4623.   4623.
2023     4623.   4623.   4623.   4623.   4993.   4993.   4993.   4993.   4993.   4993.   4623.   4623.
2024     4623.   4623.   4623.   4623.   4993.   4993.   4993.   4993.   4993.   4993.   4623.   4623.
2025     4623.   4623.   4623.   4623.   4993.   4993.   4993.   4993.   4993.   4993.   4623.   4623.
2026     4623.   4623.   4623.   4623.   4993.   4993.   4993.   4993.   4993.   4993.   4623.   4623.
   3  11               0
2022                                             6000.   6000.   6000.   6000.   6000.   6400.   6400.
2023     6400.   6400.   6400.   6400.   6400.   6400.   6400.   6400.   6400.   6613.   6589.   6586.
2024     6595.   6592.   6586.   6622.   6635.   6633.   6774.   6771.   6758.   6762.   6744.   6745.
2025     6747.   6748.   6743.   6756.   6768.   6767.   6774.   6768.   6761.   6762.   6744.   6747.
2026     6745.   6745.   6747.   7000.   7000.   7000.   7000.   7000.   7000.   7000.   7000.   7000.
  
2022                                             5500.   5500.   5500.   5500.   5500.   7800.   7800.
2023     7800.   7800.   7800.   7800.   7800.   7800.   7800.   7800.   7800.   7800.   7800.   7800.
2024     7800.   7800.   7800.   7800.   7800.   7800.   7800.   7800.   7800.   7800.   7800.   7800.
2025     7800.   7800.   7800.   7800.   7800.   7800.   7800.   7800.   7800.   7800.   7800.   7800.
2026     7800.   7800.   7800.   7800.   7800.   7800.   7800.   7800.   7800.   7800.   7800.   7800.
   4  11               0
2022                                            99999.  99999.  99999.  99999.  99999.  99999.  99999.
2023    99999.  99999.  99999.  99999.  99999.  99999.  99999.  99999.  99999.  99999.  99999.  99999.
2024    99999.  99999.  99999.  99999.  99999.  99999.  99999.  99999.  99999.  99999.  99999.  99999.
2025    99999.  99999.  99999.  99999.  99999.  99999.  99999.  99999.  99999.  99999.  99999.  99999.
2026    99999.  99999.  99999.  99999.  99999.  99999.  99999.  99999.  99999.  99999.  99999.  99999.
  
2022                                            99999.  99999.  99999.  99999.  99999.  99999.  99999.
2023    99999.  99999.  99999.  99999.  99999.  99999.  99999.  99999.  99999.  99999.  99999.  99999.
2024    99999.  99999.  99999.  99999.  99999.  99999.  99999.  99999.  99999.  99999.  99999.  99999.
2025    99999.  99999.  99999.  99999.  99999.  99999.  99999.  99999.  99999.  99999.  99999.  99999.
2026    99999.  99999.  99999.  99999.  99999.  99999.  99999.  99999.  99999.  99999.  99999.  99999.
   1   3               0
2022                                             3300.   4700.   4700.   4700.   4700.   4700.   4700.
2023     4700.   4700.   4700.   4700.   4700.   4700.   4700.   4700.   4700.   4700.   4700.   4700.
2024     4700.   4700.   4700.   4700.   4700.   4700.   6000.   6000.   6000.   6000.   6000.   6000.
2025     6000.   6000.   6000.   6000.   6000.   6000.   6000.   6000.   6000.   6000.   6000.   6000.
2026     6000.   6000.   6000.   6000.   6000.   6000.   6000.   6000.   6000.   6000.   6000.   6000.
  
2022                                             5830.   6580.   6900.   6900.   6900.   6900.   6900.
2023     6900.   6900.   6900.   6900.   6900.   6900.   6900.   6900.   6900.   7200.   7200.   7200.
2024     7200.   7200.   7200.   7200.   7200.   7200.   7989.   7983.   7949.   7955.   7906.   7906.
2025     7909.   7910.   7904.   7944.   7977.   7975.   7989.   7977.   7954.   7955.   7906.   7909.
2026     7906.   7907.   7909.   9100.   9100.   9100.   9100.   9100.   9100.   9100.   9100.   9100.
   1   4               0
2022                                             2500.   2500.   2500.   2500.   2500.   4200.   4200.
2023     4200.   4200.   4200.   4200.   4200.   4200.   4200.   4200.   4200.   4200.   4200.   4200.
2024     4200.   4200.   4200.   4200.   4200.   4200.   4200.   4200.   4200.   4200.   4200.   4200.
2025     4200.   4200.   4200.   4200.   4200.   4200.   4200.   4200.   4200.   4200.   4200.   4200.
2026     4200.   4200.   4200.   4200.   4200.   4200.   4200.   4200.   4200.   4200.   4200.   4200.
  
2022                                             4773.   4267.   3000.   3000.   3000.   6611.   7618.
2023     8000.   8000.   8000.   8000.   8000.   8000.   6669.   5686.   5639.   5641.   6611.   7608.
2024     8000.   8000.   8000.   8000.   8000.   8000.   6686.   5677.   5646.   5655.   6611.   7613.
2025     8000.   8000.   8000.   8000.   8000.   8000.   6686.   5669.   5653.   5655.   6611.   7618.
2026     8000.   8000.   8000.   8000.   8000.   8000.   6686.   5669.   5646.   5641.   6611.   7618.
 999
 MERCADO DE ENERGIA TOTAL
 XXX
       XXXJAN. XXXFEV. XXXMAR. XXXABR. XXXMAI. XXXJUN. XXXJUL. XXXAGO. XXXSET. XXXOUT. XXXNOV. XXXDEZ.
   1
2022                                            38256.  37920.  38759.  40115.  41110.  40460.  40438.
2023    43717.  44037.  43754.  42516.  40267.  39466.  39120.  39986.  41384.  42411.  41741.  41718.
2024    45051.  45381.  45089.  43814.  41496.  40639.  40282.  41185.  42647.  43706.  43015.  42991.
2025    46476.  47352.  46033.  45200.  42809.  41958.  41589.  42511.  43997.  45089.  44376.  44352.
2026    47880.  48231.  47921.  46565.  44102.  43225.  42845.  43794.  45325.  46450.  45716.  45691.
POS     47880.  48231.  47921.  46565.  44102.  43225.  42845.  43794.  45325.  46450.  45716.  45691.
   2
2022                                            11673.  11666.  11657.  11578.  11896.  12234.  12458.
2023    13779.  14036.  13408.  12793.  12027.  12128.  12120.  12111.  12030.  12360.  12710.  12943.
2024    14239.  14505.  13856.  13221.  12429.  12524.  12502.  12506.  12432.  12773.  13135.  13376.
2025    14729.  15225.  14133.  13676.  12856.  12965.  12956.  12946.  12859.  13213.  13587.  13836.
2026    15231.  15515.  14821.  14142.  13294.  13407.  13398.  13387.  13298.  13663.  14050.  14308.
POS     15231.  15515.  14821.  14142.  13294.  13407.  13398.  13387.  13298.  13663.  14050.  14308.
   3
2022                                            11248.  11013.  11337.  11631.  12230.  12446.  12322.
2023    12418.  12293.  12264.  12072.  11942.  11441.  11202.  11531.  11830.  12440.  12660.  12533.
2024    12870.  12740.  12710.  12511.  12377.  11858.  11608.  11951.  12260.  12892.  13120.  12989.
2025    13359.  13198.  13082.  12986.  12847.  12309.  12052.  12405.  12727.  13382.  13618.  13483.
2026    13889.  13749.  13717.  13502.  13357.  12797.  12529.  12897.  13232.  13913.  14160.  14018.
POS     13889.  13749.  13717.  13502.  13357.  12797.  12529.  12897.  13232.  13913.  14160.  14018.
   4
2022                                             6041.   6176.   6615.   6834.   7011.   7067.   7000.
2023     6775.   6916.   7038.   6999.   7046.   6950.   6852.   7120.   7235.   7225.   7221.   7001.
2024     7019.   7145.   7251.   7212.   7260.   7160.   7059.   7337.   7455.   7444.   7440.   7213.
2025     7219.   7402.   7401.   7417.   7467.   7364.   7260.   7546.   7669.   7658.   7653.   7419.
2026     7430.   7564.   7678.   7635.   7687.   7581.   7473.   7769.   7895.   7884.   7879.   7637.
POS      7430.   7564.   7678.   7635.   7687.   7581.   7473.   7769.   7895.   7884.   7879.   7637.
 999
 GERACAO DE USINAS NAO SIMULADAS
 XXX  XBL  XXXXXXXXXXXXXXXXXXXX  XTE
       XXXJAN. XXXFEV. XXXMAR. XXXABR. XXXMAI. XXXJUN. XXXJUL. XXXAGO. XXXSET. XXXOUT. XXXNOV. XXXDEZ.
   1    1  PCH
2022                                             1770.   1518.   1404.   1270.   1511.   2065.   2538.
2023     2536.   2822.   2905.   2585.   2200.   1827.   1566.   1433.   1294.   1541.   2106.   2587.
2024     2579.   2860.   2913.   2594.   2204.   1826.   1569.   1433.   1298.   1549.   2115.   2597.
2025     2631.   2916.   2970.   2645.   2250.   1865.   1601.   1462.   1323.   1575.   2151.   2641.
2026     2635.   2921.   2975.   2650.   2253.   1869.   1604.   1462.   1322.   1573.   2151.   2641.
   1    2  PCT
2022                                             4451.   4666.   4557.   4410.   3805.   3017.   1550.
2023      924.    984.   1436.   3121.   4204.   4557.   4786.   4656.   4485.   3877.   3067.   1567.
2024      935.    995.   1458.   3179.   4301.   4665.   5034.   4905.   4720.   4075.   3238.   1650.
2025      983.   1044.   1532.   3341.   4503.   4882.   5111.   4981.   4789.   4138.   3266.   1663.
2026      991.   1052.   1544.   3372.   4536.   4917.   5149.   5019.   4827.   4172.   3290.   1674.
   1    3  EOL
2022                                                4.      5.      8.     11.     10.      8.      8.
2023       12.      6.      4.      3.      4.      4.      5.      8.     11.     10.      8.      8.
2024       12.      6.      4.      3.      4.      4.      5.      8.     11.     10.      8.      8.
2025       12.      6.      4.      3.      4.      4.      5.      8.     11.     10.      8.      8.
2026       11.      6.      4.      3.      4.      4.      5.      8.     11.     10.      8.      8.
   1    4  UFV
2022                                              279.    319.    399.    475.    441.    556.    602.
2023      759.    693.    857.    858.    888.    854.    935.    936.   1047.    956.   1010.    978.
2024     1066.    932.    981.   1001.    908.    872.    998.    934.   1061.    982.   1010.    992.
2025     1066.    943.    981.    974.    908.    872.    998.    920.   1076.    982.   1010.   1006.
2026     1067.    941.   1031.    989.    910.    899.   1014.    935.   1079.    972.   1027.   1022.
   2    1  PCH
2022                                             1055.    897.    727.    799.   1079.    946.    773.
2023     1067.    962.    856.    688.    799.   1086.    923.    758.    832.   1122.    985.    802.
2024     1105.    989.    879.    727.    841.   1154.    985.    798.    875.   1177.   1034.    834.
2025     1164.   1042.    926.    746.    869.   1180.   1015.    823.    902.   1216.   1070.    873.
2026     1200.   1074.    955.    770.    888.   1207.   1030.    836.    916.   1229.   1082.    873.
   2    2  PCT
2022                                              543.    543.    575.    568.    532.    515.    382.
2023      390.    403.    366.    514.    554.    555.    559.    585.    579.    539.    523.    388.
2024      393.    403.    366.    514.    554.    555.    559.    585.    578.    539.    523.    388.
2025      393.    403.    366.    514.    554.    555.    559.    586.    578.    539.    523.    388.
2026      393.    403.    366.    514.    554.    555.    559.    586.    578.    539.    523.    388.
   2    3  EOL
2022                                              687.    723.    724.    776.    790.    773.    737.
2023      623.    549.    595.    652.    662.    687.    723.    724.    776.    790.    773.    737.
2024      623.    550.    592.    657.    662.    688.    722.    725.    776.    790.    773.    737.
2025      623.    550.    592.    654.    662.    688.    722.    726.    775.    790.    773.    737.
2026      623.    549.    594.    654.    663.    687.    722.    726.    776.    790.    773.    737.
   2    4  UFV
2022                                                1.      1.      2.      1.      1.      2.      2.
2023        2.      2.      2.      2.      1.      1.      1.      2.      1.      1.      2.      2.
2024        2.      2.      2.      2.      1.      1.      1.      2.      1.      2.      2.      2.
2025        2.      2.      2.      2.      1.      1.      1.      1.      1.      2.      2.      2.
2026        2.      2.      2.      2.      1.      1.      1.      1.      1.      1.      2.      2.
   3    1  PCH
2022                                               77.     80.     84.     74.     66.     89.     97.
2023       69.     77.     80.     86.     81.     77.     80.     84.     74.     66.     89.    104.
2024       75.     84.     87.     93.     88.     84.     88.     91.     81.     73.     96.    104.
2025       75.     84.     87.     93.     88.     84.     88.     91.     81.     73.     96.    104.
2026       75.     84.     87.     93.     88.     84.     88.     91.     81.     73.     96.    104.
   3    2  PCT
2022                                              325.    335.    372.    436.    449.    459.    457.
2023      468.    408.    391.    351.    343.    330.    341.    377.    445.    460.    471.    468.
2024      479.    408.    392.    351.    347.    334.    344.    381.    450.    465.    477.    474.
2025      485.    413.    396.    355.    347.    334.    344.    382.    450.    465.    477.    473.
2026      485.    413.    395.    355.    347.    334.    344.    382.    450.    466.    477.    473.
   3    3  EOL
2022                                             9123.  10350.  11858.  11839.  10238.   8948.   8198.
2023     7933.   5842.   5558.   6973.   8662.  10950.  12524.  14255.  14327.  12343.  10856.   9897.
2024     9317.   6741.   6244.   7589.   9476.  11780.  13258.  14868.  14665.  12600.  11027.  10010.
2025     9489.   6983.   6472.   7902.   9819.  12208.  14063.  15796.  15534.  13368.  11700.  10606.
2026     9931.   7177.   6616.   8112.  10112.  12501.  14101.  15840.  15603.  13438.  11732.  10635.
   3    4  UFV
2022                                              827.    873.    929.   1088.    950.   1038.   1046.
2023     1110.   1041.   1132.   1078.   1179.   1185.   1167.   1204.   1382.   1265.   1241.   1129.
2024     1263.   1191.   1228.   1286.   1299.   1307.   1340.   1290.   1517.   1372.   1317.   1217.
2025     1310.   1249.   1338.   1363.   1414.   1423.   1459.   1386.   1672.   1495.   1434.   1346.
2026     1391.   1325.   1410.   1398.   1431.   1476.   1495.   1421.   1693.   1500.   1469.   1379.
   4    1  PCH
2022                                              115.    103.     98.     93.    103.    125.    142.
2023      136.    155.    160.    151.    131.    115.    103.     98.     93.    103.    125.    142.
2024      136.    155.    160.    151.    131.    115.    103.     98.     93.    103.    125.    142.
2025      136.    155.    160.    151.    131.    115.    103.     98.     93.    103.    125.    142.
2026      136.    155.    160.    151.    131.    115.    103.     98.     93.    103.    125.    142.
   4    2  PCT
2022                                              187.    196.    186.    194.    173.    204.    176.
2023      189.    189.    188.    189.    204.    187.    196.    186.    194.    173.    204.    176.
2024      189.    189.    188.    189.    204.    187.    196.    186.    194.    173.    204.    176.
2025      189.    189.    188.    189.    204.    187.    196.    187.    194.    173.    204.    176.
2026      189.    189.    188.    189.    204.    187.    196.    187.    194.    173.    204.    176.
   4    3  EOL
2022                                              141.    164.    253.    328.    309.    305.    284.
2023      179.    127.     95.     90.     96.    141.    164.    253.    328.    309.    305.    284.
2024      179.    128.     94.     92.     96.    140.    164.    254.    328.    309.    305.    284.
2025      179.    128.     94.     91.     96.    140.    164.    255.    327.    309.    305.    284.
2026      179.    127.     94.     91.     95.    141.    164.    255.    328.    309.    305.    284.
   4    4  UFV
2022                                                1.      1.      1.      1.      1.      1.      1.
2023        1.      1.      1.      1.      1.      1.      1.      1.      1.      1.      1.      1.
2024        1.      1.      1.      1.      1.      1.      1.      1.      1.      1.      1.      1.
2025        1.      1.      1.      1.      1.      1.      1.      1.      1.      1.      1.      1.
2026        1.      1.      1.      1.      1.      1.      1.      1.      1.      1.      1.      1.
 999
