 NUMERO DE PATAMARES
 XX
  3
ANO   DURACAO MENSAL DOS PATAMARES DE CARGA
      JAN     FEV     MAR     ABR     MAI     JUN     JUL     AGO     SET     OUT     NOV     DEZ   
      X.XXXX  X.XXXX  X.XXXX  X.XXXX  X.XXXX  X.XXXX  X.XXXX  X.XXXX  X.XXXX  X.XXXX  X.XXXX  X.XXXX
2022  0.2258  0.2381  0.2366  0.2639  0.3548  0.3500  0.3387  0.3710  0.2917  0.2688  0.2222  0.2366
      0.2796  0.2857  0.2849  0.2194  0.1962  0.1958  0.1949  0.1976  0.2250  0.2204  0.2778  0.2849
      0.4946  0.4762  0.4785  0.5167  0.4490  0.4542  0.4664  0.4314  0.4833  0.5108  0.5000  0.4785
2023  0.2366  0.2262  0.2473  0.2500  0.3548  0.3500  0.3387  0.3710  0.2778  0.2823  0.2222  0.2151
      0.2849  0.2798  0.2903  0.2167  0.1962  0.1958  0.1949  0.1976  0.2222  0.2231  0.2778  0.2742
      0.4785  0.4940  0.4624  0.5333  0.4490  0.4542  0.4664  0.4314  0.5000  0.4946  0.5000  0.5107
2024  0.2366  0.2299  0.2151  0.3056  0.3387  0.3333  0.3710  0.3548  0.2917  0.3091  0.2222  0.2258
      0.2849  0.2816  0.2742  0.2278  0.1949  0.1944  0.1976  0.1962  0.2250  0.2285  0.2778  0.2796
      0.4785  0.4885  0.5107  0.4666  0.4664  0.4723  0.4314  0.4490  0.4833  0.4624  0.5000  0.4946
2025  0.2366  0.2381  0.2151  0.2778  0.3387  0.3333  0.3710  0.3387  0.3056  0.3091  0.2222  0.2366
      0.2849  0.2857  0.2742  0.2222  0.1949  0.1944  0.1976  0.1949  0.2278  0.2285  0.2778  0.2849
      0.4785  0.4762  0.5107  0.5000  0.4664  0.4723  0.4314  0.4664  0.4666  0.4624  0.5000  0.4785
2026  0.2258  0.2262  0.2366  0.2778  0.3226  0.3500  0.3710  0.3387  0.2917  0.2823  0.2222  0.2366
      0.2796  0.2798  0.2849  0.2222  0.1935  0.1958  0.1976  0.1949  0.2250  0.2231  0.2778  0.2849
      0.4946  0.4940  0.4785  0.5000  0.4839  0.4542  0.4314  0.4664  0.4833  0.4946  0.5000  0.4785
 SUBSISTEMA
 XXX
    ANO                       CARGA(P.U.DEMANDA MED.)
   XXXX X.XXXX X.XXXX X.XXXX X.XXXX X.XXXX X.XXXX X.XXXX X.XXXX X.XXXX X.XXXX X.XXXX X.XXXX
   1
   2022 1.1338 1.1409 1.1455 1.1451 1.1408 1.1408 1.1436 1.1363 1.1386 1.1477 1.1369 1.1226
        1.0811 1.0699 1.0782 1.0798 1.0433 1.0450 1.0510 1.0402 1.0775 1.0799 1.0879 1.0794
        0.8931 0.8876 0.8815 0.8920 0.8698 0.8721 0.8744 0.8644 0.8803 0.8878 0.8903 0.8921
   2023 1.1279 1.1474 1.1381 1.1516 1.1403 1.1404 1.1445 1.1358 1.1414 1.1451 1.1369 1.1322
        1.0770 1.0738 1.0732 1.0848 1.0430 1.0448 1.0511 1.0400 1.0804 1.0778 1.0879 1.0861
        0.8909 0.8907 0.8802 0.8945 0.8703 0.8725 0.8737 0.8649 0.8857 0.8821 0.8903 0.8981
   2024 1.1280 1.1453 1.1562 1.1300 1.1472 1.1460 1.1358 1.1384 1.1428 1.1357 1.1369 1.1293
        1.0766 1.0729 1.0846 1.0676 1.0498 1.0509 1.0396 1.0446 1.0798 1.0704 1.0879 1.0843
        0.8911 0.8896 0.8888 0.8819 0.8723 0.8760 0.8651 0.8711 0.8767 0.8745 0.8903 0.8933
   2025 1.1272 1.1409 1.1567 1.1414 1.1426 1.1473 1.1352 1.1446 1.1330 1.1320 1.1369 1.1246
        1.0763 1.0699 1.0850 1.0762 1.0480 1.0515 1.0392 1.0509 1.0734 1.0683 1.0879 1.0813
        0.8917 0.8876 0.8884 0.8876 0.8764 0.8748 0.8658 0.8737 0.8771 0.8780 0.8903 0.8900
   2026 1.1303 1.1474 1.1454 1.1420 1.1489 1.1412 1.1349 1.1453 1.1385 1.1408 1.1369 1.1260
        1.0784 1.0738 1.0781 1.0768 1.0541 1.0450 1.0395 1.0512 1.0772 1.0746 1.0879 1.0811
        0.8962 0.8907 0.8816 0.8870 0.8791 0.8718 0.8659 0.8731 0.8805 0.8860 0.8903 0.8894
   2
   2022 1.1906 1.1953 1.2032 1.2182 1.1896 1.1880 1.1971 1.1813 1.1944 1.2097 1.1957 1.1791
        1.0840 1.0659 1.0777 1.0861 1.0705 1.0770 1.0796 1.0695 1.0964 1.0992 1.1046 1.0795
        0.8655 0.8628 0.8533 0.8520 0.8193 0.8219 0.8236 0.8123 0.8378 0.8468 0.8549 0.8641
   2023 1.1809 1.2006 1.1928 1.2300 1.1887 1.1877 1.1982 1.1805 1.2002 1.2041 1.1957 1.1977
        1.0779 1.0690 1.0724 1.0930 1.0703 1.0769 1.0798 1.0692 1.1001 1.0961 1.1046 1.0903
        0.8642 0.8691 0.8514 0.8544 0.8201 0.8222 0.8227 0.8131 0.8443 0.8402 0.8549 0.8683
   2024 1.1801 1.1983 1.2180 1.1906 1.2000 1.1979 1.1823 1.1860 1.2002 1.1866 1.1957 1.1916
        1.0770 1.0673 1.0857 1.0701 1.0777 1.0833 1.0680 1.0736 1.1003 1.0855 1.1046 1.0889
        0.8651 0.8679 0.8622 0.8410 0.8223 0.8260 0.8121 0.8208 0.8325 0.8330 0.8549 0.8623
   2025 1.1803 1.1953 1.2185 1.2122 1.1943 1.1995 1.1815 1.1966 1.1847 1.1813 1.1957 1.1831
        1.0770 1.0659 1.0861 1.0822 1.0742 1.0845 1.0678 1.0809 1.0905 1.0825 1.1046 1.0838
        0.8650 0.8628 0.8618 0.8456 0.8279 0.8244 0.8129 0.8234 0.8349 0.8380 0.8549 0.8596
   2026 1.1854 1.2006 1.2038 1.2126 1.2051 1.1891 1.1811 1.1975 1.1939 1.1971 1.1957 1.1847
        1.0797 1.0690 1.0790 1.0826 1.0812 1.0772 1.0681 1.0813 1.0958 1.0914 1.1046 1.0834
        0.8703 0.8691 0.8522 0.8452 0.8308 0.8210 0.8131 0.8226 0.8384 0.8463 0.8549 0.8590
   3
   2022 1.0598 1.0838 1.0919 1.0949 1.0831 1.0780 1.0806 1.0773 1.0854 1.0875 1.0750 1.0679
        1.0561 1.0522 1.0569 1.0658 1.0371 1.0359 1.0420 1.0346 1.0586 1.0615 1.0565 1.0454
        0.9410 0.9268 0.9207 0.9236 0.9181 0.9244 0.9239 0.9177 0.9212 0.9274 0.9353 0.9394
   2023 1.0562 1.0885 1.0868 1.1004 1.0827 1.0777 1.0810 1.0769 1.0871 1.0857 1.0750 1.0746
        1.0529 1.0556 1.0527 1.0693 1.0371 1.0360 1.0421 1.0342 1.0608 1.0596 1.0565 1.0510
        0.9407 0.9280 0.9205 0.9248 0.9184 0.9246 0.9236 0.9182 0.9246 0.9242 0.9353 0.9412
   2024 1.0557 1.0874 1.0988 1.0843 1.0868 1.0810 1.0756 1.0783 1.0884 1.0799 1.0750 1.0746
        1.0525 1.0548 1.0622 1.0568 1.0411 1.0401 1.0345 1.0373 1.0603 1.0544 1.0565 1.0503
        0.9412 0.9273 0.9250 0.9171 0.9198 0.9263 0.9192 0.9218 0.9186 0.9197 0.9353 0.9375
   2025 1.0557 1.0838 1.0992 1.0933 1.0843 1.0823 1.0755 1.0822 1.0814 1.0771 1.0750 1.0711
        1.0525 1.0522 1.0626 1.0632 1.0402 1.0403 1.0342 1.0417 1.0557 1.0529 1.0565 1.0476
        0.9412 0.9268 0.9246 0.9201 0.9220 0.9253 0.9194 0.9229 0.9195 0.9223 0.9353 0.9365
   2026 1.0572 1.0885 1.0920 1.0934 1.0889 1.0785 1.0753 1.0829 1.0853 1.0829 1.0750 1.0722
        1.0541 1.0556 1.0568 1.0635 1.0441 1.0360 1.0344 1.0416 1.0583 1.0576 1.0565 1.0472
        0.9433 0.9280 0.9207 0.9199 0.9231 0.9240 0.9195 0.9224 0.9214 0.9267 0.9353 0.9362
   4
   2022 1.0251 1.0394 1.0528 1.0612 1.0617 1.0565 1.0463 1.0464 1.0484 1.0501 1.0350 1.0355
        1.0356 1.0392 1.0430 1.0484 1.0113 1.0089 1.0105 1.0026 1.0391 1.0422 1.0379 1.0330
        0.9684 0.9568 0.9483 0.9482 0.9463 0.9526 0.9620 0.9589 0.9526 0.9554 0.9634 0.9628
   2023 1.0230 1.0430 1.0490 1.0651 1.0613 1.0563 1.0464 1.0462 1.0503 1.0485 1.0350 1.0413
        1.0333 1.0417 1.0404 1.0512 1.0111 1.0091 1.0110 1.0024 1.0404 1.0415 1.0379 1.0375
        0.9688 0.9567 0.9484 0.9487 0.9467 0.9527 0.9617 0.9592 0.9541 0.9536 0.9634 0.9625
   2024 1.0230 1.0422 1.0577 1.0523 1.0650 1.0586 1.0420 1.0476 1.0509 1.0435 1.0350 1.0399
        1.0330 1.0410 1.0473 1.0425 1.0139 1.0120 1.0059 1.0043 1.0408 1.0381 1.0379 1.0366
        0.9690 0.9565 0.9503 0.9450 0.9470 0.9537 0.9612 0.9605 0.9503 0.9521 0.9634 0.9611
   2025 1.0227 1.0394 1.0578 1.0599 1.0632 1.0603 1.0418 1.0509 1.0460 1.0417 1.0350 1.0373
        1.0329 1.0392 1.0474 1.0471 1.0136 1.0125 1.0056 1.0073 1.0379 1.0371 1.0379 1.0347
        0.9692 0.9568 0.9502 0.9458 0.9484 0.9523 0.9615 0.9600 0.9514 0.9538 0.9634 0.9609
   2026 1.0235 1.0430 1.0524 1.0601 1.0664 1.0570 1.0419 1.0512 1.0488 1.0462 1.0350 1.0381
        1.0345 1.0417 1.0435 1.0475 1.0173 1.0092 1.0054 1.0075 1.0392 1.0393 1.0379 1.0342
        0.9698 0.9567 0.9482 0.9455 0.9488 0.9521 0.9615 0.9597 0.9523 0.9559 0.9634 0.9608
9999
 SUBSISTEMA
   A ->B
 XXX XXX
                             INTERCAMBIO(P.U.INTERC.MEDIO)
 X.XXXX X.XXXX X.XXXX X.XXXX X.XXXX X.XXXX X.XXXX X.XXXX X.XXXX X.XXXX X.XXXX X.XXXX
   1   2
   2022 1.0000 1.0000 1.0000 1.0000 1.0000 0.9938 0.9936 0.9671 0.9632 0.9612 0.9620 0.9636
        1.0000 1.0000 1.0000 1.0000 1.0000 0.9508 0.9524 0.9671 0.9632 0.9612 0.9620 0.9636
        1.0000 1.0000 1.0000 1.0000 1.0000 1.0260 1.0245 1.0434 1.0393 1.0371 1.0380 1.0397
   2023 0.9636 0.9625 0.9648 0.9596 0.9658 0.9654 0.9645 0.9671 0.9620 0.9624 0.9620 0.9612
        0.9636 0.9625 0.9648 0.9596 0.9658 0.9654 0.9645 0.9671 0.9620 0.9624 0.9620 0.9612
        1.0397 1.0384 1.0409 1.0354 1.0420 1.0416 1.0406 1.0434 1.0380 1.0384 1.0380 1.0371
   2024 0.9636 0.9629 0.9612 0.9645 0.9645 0.9641 0.9671 0.9658 0.9632 0.9648 0.9620 0.9624
        0.9636 0.9629 0.9612 0.9645 0.9645 0.9641 0.9671 0.9658 0.9632 0.9648 0.9620 0.9624
        1.0397 1.0389 1.0371 1.0406 1.0406 1.0402 1.0434 1.0420 1.0393 1.0409 1.0380 1.0384
   2025 0.9636 0.9638 0.9612 0.9620 0.9645 0.9641 0.9671 0.9645 0.9645 0.9648 0.9620 0.9636
        0.9636 0.9638 0.9612 0.9620 0.9645 0.9641 0.9671 0.9645 0.9645 0.9648 0.9620 0.9636
        1.0397 1.0399 1.0371 1.0380 1.0406 1.0402 1.0434 1.0406 1.0406 1.0409 1.0380 1.0397
   2026 0.9624 0.9625 0.9636 0.9620 0.9632 0.9654 0.9671 0.9645 0.9632 0.9624 0.9620 0.9636
        0.9624 0.9625 0.9636 0.9620 0.9632 0.9654 0.9671 0.9645 0.9632 0.9624 0.9620 0.9636
        1.0384 1.0384 1.0397 1.0380 1.0392 1.0416 1.0434 1.0406 1.0393 1.0384 1.0380 1.0397
   2   1
   2022 1.0000 1.0000 1.0000 1.0000 1.0000 0.8989 0.9030 0.9322 0.9247 0.8955 0.8974 0.9014
        1.0000 1.0000 1.0000 1.0000 1.0000 0.9754 0.9748 0.9322 0.9247 0.8955 0.8974 0.9014
        1.0000 1.0000 1.0000 1.0000 1.0000 1.0885 1.0809 1.0894 1.0805 1.1001 1.1026 1.1074
   2023 0.9014 0.8985 0.9044 0.8913 0.9069 0.9059 0.9037 0.9102 0.8974 0.8984 0.8974 0.8955
        0.9014 0.8985 0.9044 0.8913 0.9069 0.9059 0.9037 0.9102 0.8974 0.8984 0.8974 0.8955
        1.1074 1.1039 1.1111 1.0951 1.1142 1.1130 1.1102 1.1183 1.1026 1.1038 1.1026 1.1001
   2024 0.9014 0.8996 0.8955 0.9036 0.9037 0.9026 0.9102 0.9069 0.9005 0.9044 0.8974 0.8984
        0.9014 0.8996 0.8955 0.9036 0.9037 0.9026 0.9102 0.9069 0.9005 0.9044 0.8974 0.8984
        1.1074 1.1052 1.1001 1.1102 1.1102 1.1089 1.1183 1.1142 1.1064 1.1111 1.1026 1.1038
   2025 0.9014 0.9018 0.8955 0.8974 0.9037 0.9026 0.9102 0.9037 0.9036 0.9044 0.8974 0.9014
        0.9014 0.9018 0.8955 0.8974 0.9037 0.9026 0.9102 0.9037 0.9036 0.9044 0.8974 0.9014
        1.1074 1.1080 1.1001 1.1026 1.1102 1.1089 1.1183 1.1102 1.1102 1.1111 1.1026 1.1074
   2026 0.8984 0.8985 0.9014 0.8974 0.9004 0.9059 0.9102 0.9037 0.9005 0.8984 0.8974 0.9014
        0.8984 0.8985 0.9014 0.8974 0.9004 0.9059 0.9102 0.9037 0.9005 0.8984 0.8974 0.9014
        1.1038 1.1039 1.1074 1.1026 1.1062 1.1130 1.1183 1.1102 1.1064 1.1038 1.1026 1.1074
   1  11
   2022 1.0000 1.0000 1.0000 1.0000 1.0000 1.0000 1.0000 1.0000 1.0000 1.0000 1.0000 1.0000
        1.0000 1.0000 1.0000 1.0000 1.0000 1.0000 1.0000 1.0000 1.0000 1.0000 1.0000 1.0000
        1.0000 1.0000 1.0000 1.0000 1.0000 1.0000 1.0000 1.0000 1.0000 1.0000 1.0000 1.0000
   2023 1.0000 1.0000 1.0000 1.0000 1.0000 1.0000 1.0000 1.0000 1.0000 1.0000 1.0000 1.0000
        1.0000 1.0000 1.0000 1.0000 1.0000 1.0000 1.0000 1.0000 1.0000 1.0000 1.0000 1.0000
        1.0000 1.0000 1.0000 1.0000 1.0000 1.0000 1.0000 1.0000 1.0000 1.0000 1.0000 1.0000
   2024 1.0000 1.0000 1.0000 1.0000 1.0000 1.0000 1.0000 1.0000 1.0000 1.0000 1.0000 1.0000
        1.0000 1.0000 1.0000 1.0000 1.0000 1.0000 1.0000 1.0000 1.0000 1.0000 1.0000 1.0000
        1.0000 1.0000 1.0000 1.0000 1.0000 1.0000 1.0000 1.0000 1.0000 1.0000 1.0000 1.0000
   2025 1.0000 1.0000 1.0000 1.0000 1.0000 1.0000 1.0000 1.0000 1.0000 1.0000 1.0000 1.0000
        1.0000 1.0000 1.0000 1.0000 1.0000 1.0000 1.0000 1.0000 1.0000 1.0000 1.0000 1.0000
        1.0000 1.0000 1.0000 1.0000 1.0000 1.0000 1.0000 1.0000 1.0000 1.0000 1.0000 1.0000
   2026 1.0000 1.0000 1.0000 1.0000 1.0000 1.0000 1.0000 1.0000 1.0000 1.0000 1.0000 1.0000
        1.0000 1.0000 1.0000 1.0000 1.0000 1.0000 1.0000 1.0000 1.0000 1.0000 1.0000 1.0000
        1.0000 1.0000 1.0000 1.0000 1.0000 1.0000 1.0000 1.0000 1.0000 1.0000 1.0000 1.0000
  11   1
   2022 1.0000 1.0000 1.0000 1.0000 1.0000 1.0000 1.0000 1.0000 1.0000 1.0000 1.0000 1.0000
        1.0000 1.0000 1.0000 1.0000 1.0000 1.0000 1.0000 1.0000 1.0000 1.0000 1.0000 1.0000
        1.0000 1.0000 1.0000 1.0000 1.0000 1.0000 1.0000 1.0000 1.0000 1.0000 1.0000 1.0000
   2023 1.0000 1.0000 1.0000 1.0000 1.0000 1.0000 1.0000 1.0000 1.0000 1.0000 1.0000 1.0000
        1.0000 1.0000 1.0000 1.0000 1.0000 1.0000 1.0000 1.0000 1.0000 1.0000 1.0000 1.0000
        1.0000 1.0000 1.0000 1.0000 1.0000 1.0000 1.0000 1.0000 1.0000 1.0000 1.0000 1.0000
   2024 1.0000 1.0000 1.0000 1.0000 1.0000 1.0000 1.0000 1.0000 1.0000 1.0000 1.0000 1.0000
        1.0000 1.0000 1.0000 1.0000 1.0000 1.0000 1.0000 1.0000 1.0000 1.0000 1.0000 1.0000
        1.0000 1.0000 1.0000 1.0000 1.0000 1.0000 1.0000 1.0000 1.0000 1.0000 1.0000 1.0000
   2025 1.0000 1.0000 1.0000 1.0000 1.0000 1.0000 1.0000 1.0000 1.0000 1.0000 1.0000 1.0000
        1.0000 1.0000 1.0000 1.0000 1.0000 1.0000 1.0000 1.0000 1.0000 1.0000 1.0000 1.0000
        1.0000 1.0000 1.0000 1.0000 1.0000 1.0000 1.0000 1.0000 1.0000 1.0000 1.0000 1.0000
   2026 1.0000 1.0000 1.0000 1.0000 1.0000 1.0000 1.0000 1.0000 1.0000 1.0000 1.0000 1.0000
        1.0000 1.0000 1.0000 1.0000 1.0000 1.0000 1.0000 1.0000 1.0000 1.0000 1.0000 1.0000
        1.0000 1.0000 1.0000 1.0000 1.0000 1.0000 1.0000 1.0000 1.0000 1.0000 1.0000 1.0000
   3  11
   2022 1.0000 1.0000 1.0000 1.0000 1.0000 1.0000 1.0000 1.0000 1.0000 1.0000 1.0000 1.0000
        1.0000 1.0000 1.0000 1.0000 1.0000 1.0000 1.0000 1.0000 1.0000 1.0000 1.0000 1.0000
        1.0000 1.0000 1.0000 1.0000 1.0000 1.0000 1.0000 1.0000 1.0000 1.0000 1.0000 1.0000
   2023 1.0000 1.0000 1.0000 1.0000 1.0000 1.0000 1.0000 1.0000 1.0000 1.0434 1.0472 1.0477
        1.0000 1.0000 1.0000 1.0000 1.0000 1.0000 1.0000 1.0000 1.0000 0.9829 0.9865 0.9869
        1.0000 1.0000 1.0000 1.0000 1.0000 1.0000 1.0000 1.0000 1.0000 0.9829 0.9865 0.9869
   2024 1.0463 1.0467 1.0477 1.0419 1.0399 1.0402 1.0186 1.0191 1.0210 1.0204 1.0231 1.0230
        0.9856 0.9860 0.9869 0.9815 0.9796 0.9799 0.9890 0.9895 0.9914 0.9909 0.9934 0.9933
        0.9856 0.9860 0.9869 0.9815 0.9796 0.9799 0.9890 0.9895 0.9914 0.9909 0.9934 0.9933
   2025 1.0226 1.0226 1.0233 1.0214 1.0195 1.0197 1.0186 1.0195 1.0205 1.0204 1.0231 1.0226
        0.9930 0.9929 0.9936 0.9918 0.9900 0.9901 0.9890 0.9900 0.9910 0.9909 0.9934 0.9930
        0.9930 0.9929 0.9936 0.9918 0.9900 0.9901 0.9890 0.9900 0.9910 0.9909 0.9934 0.9930
   2026 1.0230 1.0229 1.0226 1.0000 1.0000 1.0000 1.0000 1.0000 1.0000 1.0000 1.0000 1.0000
        0.9933 0.9933 0.9930 1.0000 1.0000 1.0000 1.0000 1.0000 1.0000 1.0000 1.0000 1.0000
        0.9933 0.9933 0.9930 1.0000 1.0000 1.0000 1.0000 1.0000 1.0000 1.0000 1.0000 1.0000
  11   3
   2022 1.0000 1.0000 1.0000 1.0000 1.0000 1.0000 1.0000 1.0000 1.0000 1.0000 1.0000 1.0000
        1.0000 1.0000 1.0000 1.0000 1.0000 1.0000 1.0000 1.0000 1.0000 1.0000 1.0000 1.0000
        1.0000 1.0000 1.0000 1.0000 1.0000 1.0000 1.0000 1.0000 1.0000 1.0000 1.0000 1.0000
   2023 1.0000 1.0000 1.0000 1.0000 1.0000 1.0000 1.0000 1.0000 1.0000 1.0000 1.0000 1.0000
        1.0000 1.0000 1.0000 1.0000 1.0000 1.0000 1.0000 1.0000 1.0000 1.0000 1.0000 1.0000
        1.0000 1.0000 1.0000 1.0000 1.0000 1.0000 1.0000 1.0000 1.0000 1.0000 1.0000 1.0000
   2024 1.0000 1.0000 1.0000 1.0000 1.0000 1.0000 1.0000 1.0000 1.0000 1.0000 1.0000 1.0000
        1.0000 1.0000 1.0000 1.0000 1.0000 1.0000 1.0000 1.0000 1.0000 1.0000 1.0000 1.0000
        1.0000 1.0000 1.0000 1.0000 1.0000 1.0000 1.0000 1.0000 1.0000 1.0000 1.0000 1.0000
   2025 1.0000 1.0000 1.0000 1.0000 1.0000 1.0000 1.0000 1.0000 1.0000 1.0000 1.0000 1.0000
        1.0000 1.0000 1.0000 1.0000 1.0000 1.0000 1.0000 1.0000 1.0000 1.0000 1.0000 1.0000
        1.0000 1.0000 1.0000 1.0000 1.0000 1.0000 1.0000 1.0000 1.0000 1.0000 1.0000 1.0000
   2026 1.0000 1.0000 1.0000 1.0000 1.0000 1.0000 1.0000 1.0000 1.0000 1.0000 1.0000 1.0000
        1.0000 1.0000 1.0000 1.0000 1.0000 1.0000 1.0000 1.0000 1.0000 1.0000 1.0000 1.0000
        1.0000 1.0000 1.0000 1.0000 1.0000 1.0000 1.0000 1.0000 1.0000 1.0000 1.0000 1.0000
   4  11
   2022 1.0000 1.0000 1.0000 1.0000 1.0000 1.0000 1.0000 1.0000 1.0000 1.0000 1.0000 1.0000
        1.0000 1.0000 1.0000 1.0000 1.0000 1.0000 1.0000 1.0000 1.0000 1.0000 1.0000 1.0000
        1.0000 1.0000 1.0000 1.0000 1.0000 1.0000 1.0000 1.0000 1.0000 1.0000 1.0000 1.0000
   2023 1.0000 1.0000 1.0000 1.0000 1.0000 1.0000 1.0000 1.0000 1.0000 1.0000 1.0000 1.0000
        1.0000 1.0000 1.0000 1.0000 1.0000 1.0000 1.0000 1.0000 1.0000 1.0000 1.0000 1.0000
        1.0000 1.0000 1.0000 1.0000 1.0000 1.0000 1.0000 1.0000 1.0000 1.0000 1.0000 1.0000
   2024 1.0000 1.0000 1.0000 1.0000 1.0000 1.0000 1.0000 1.0000 1.0000 1.0000 1.0000 1.0000
        1.0000 1.0000 1.0000 1.0000 1.0000 1.0000 1.0000 1.0000 1.0000 1.0000 1.0000 1.0000
        1.0000 1.0000 1.0000 1.0000 1.0000 1.0000 1.0000 1.0000 1.0000 1.0000 1.0000 1.0000
   2025 1.0000 1.0000 1.0000 1.0000 1.0000 1.0000 1.0000 1.0000 1.0000 1.0000 1.0000 1.0000
        1.0000 1.0000 1.0000 1.0000 1.0000 1.0000 1.0000 1.0000 1.0000 1.0000 1.0000 1.0000
        1.0000 1.0000 1.0000 1.0000 1.0000 1.0000 1.0000 1.0000 1.0000 1.0000 1.0000 1.0000
   2026 1.0000 1.0000 1.0000 1.0000 1.0000 1.0000 1.0000 1.0000 1.0000 1.0000 1.0000 1.0000
        1.0000 1.0000 1.0000 1.0000 1.0000 1.0000 1.0000 1.0000 1.0000 1.0000 1.0000 1.0000
        1.0000 1.0000 1.0000 1.0000 1.0000 1.0000 1.0000 1.0000 1.0000 1.0000 1.0000 1.0000
  11   4
   2022 1.0000 1.0000 1.0000 1.0000 1.0000 1.0000 1.0000 1.0000 1.0000 1.0000 1.0000 1.0000
        1.0000 1.0000 1.0000 1.0000 1.0000 1.0000 1.0000 1.0000 1.0000 1.0000 1.0000 1.0000
        1.0000 1.0000 1.0000 1.0000 1.0000 1.0000 1.0000 1.0000 1.0000 1.0000 1.0000 1.0000
   2023 1.0000 1.0000 1.0000 1.0000 1.0000 1.0000 1.0000 1.0000 1.0000 1.0000 1.0000 1.0000
        1.0000 1.0000 1.0000 1.0000 1.0000 1.0000 1.0000 1.0000 1.0000 1.0000 1.0000 1.0000
        1.0000 1.0000 1.0000 1.0000 1.0000 1.0000 1.0000 1.0000 1.0000 1.0000 1.0000 1.0000
   2024 1.0000 1.0000 1.0000 1.0000 1.0000 1.0000 1.0000 1.0000 1.0000 1.0000 1.0000 1.0000
        1.0000 1.0000 1.0000 1.0000 1.0000 1.0000 1.0000 1.0000 1.0000 1.0000 1.0000 1.0000
        1.0000 1.0000 1.0000 1.0000 1.0000 1.0000 1.0000 1.0000 1.0000 1.0000 1.0000 1.0000
   2025 1.0000 1.0000 1.0000 1.0000 1.0000 1.0000 1.0000 1.0000 1.0000 1.0000 1.0000 1.0000
        1.0000 1.0000 1.0000 1.0000 1.0000 1.0000 1.0000 1.0000 1.0000 1.0000 1.0000 1.0000
        1.0000 1.0000 1.0000 1.0000 1.0000 1.0000 1.0000 1.0000 1.0000 1.0000 1.0000 1.0000
   2026 1.0000 1.0000 1.0000 1.0000 1.0000 1.0000 1.0000 1.0000 1.0000 1.0000 1.0000 1.0000
        1.0000 1.0000 1.0000 1.0000 1.0000 1.0000 1.0000 1.0000 1.0000 1.0000 1.0000 1.0000
        1.0000 1.0000 1.0000 1.0000 1.0000 1.0000 1.0000 1.0000 1.0000 1.0000 1.0000 1.0000
   1   3
   2022 1.0000 1.0000 1.0000 1.0000 1.0000 1.0000 1.0000 1.0000 1.0000 1.0000 1.0000 1.0000
        1.0000 1.0000 1.0000 1.0000 1.0000 1.0000 1.0000 1.0000 1.0000 1.0000 1.0000 1.0000
        1.0000 1.0000 1.0000 1.0000 1.0000 1.0000 1.0000 1.0000 1.0000 1.0000 1.0000 1.0000
   2023 1.0000 1.0000 1.0000 1.0000 1.0000 1.0000 1.0000 1.0000 1.0000 1.0000 1.0000 1.0000
        1.0000 1.0000 1.0000 1.0000 1.0000 1.0000 1.0000 1.0000 1.0000 1.0000 1.0000 1.0000
        1.0000 1.0000 1.0000 1.0000 1.0000 1.0000 1.0000 1.0000 1.0000 1.0000 1.0000 1.0000
   2024 1.0000 1.0000 1.0000 1.0000 1.0000 1.0000 1.0000 1.0000 1.0000 1.0000 1.0000 1.0000
        1.0000 1.0000 1.0000 1.0000 1.0000 1.0000 1.0000 1.0000 1.0000 1.0000 1.0000 1.0000
        1.0000 1.0000 1.0000 1.0000 1.0000 1.0000 1.0000 1.0000 1.0000 1.0000 1.0000 1.0000
   2025 1.0000 1.0000 1.0000 1.0000 1.0000 1.0000 1.0000 1.0000 1.0000 1.0000 1.0000 1.0000
        1.0000 1.0000 1.0000 1.0000 1.0000 1.0000 1.0000 1.0000 1.0000 1.0000 1.0000 1.0000
        1.0000 1.0000 1.0000 1.0000 1.0000 1.0000 1.0000 1.0000 1.0000 1.0000 1.0000 1.0000
   2026 1.0000 1.0000 1.0000 1.0000 1.0000 1.0000 1.0000 1.0000 1.0000 1.0000 1.0000 1.0000
        1.0000 1.0000 1.0000 1.0000 1.0000 1.0000 1.0000 1.0000 1.0000 1.0000 1.0000 1.0000
        1.0000 1.0000 1.0000 1.0000 1.0000 1.0000 1.0000 1.0000 1.0000 1.0000 1.0000 1.0000
   3   1
   2022 1.0000 1.0000 1.0000 1.0000 1.0000 0.9777 0.9575 1.0000 1.0000 1.0000 1.0000 1.0000
        1.0000 1.0000 1.0000 1.0000 1.0000 1.0120 0.9575 1.0000 1.0000 1.0000 1.0000 1.0000
        1.0000 1.0000 1.0000 1.0000 1.0000 1.0120 1.0487 1.0000 1.0000 1.0000 1.0000 1.0000
   2023 1.0000 1.0000 1.0000 1.0000 1.0000 1.0000 1.0000 1.0000 1.0000 1.0000 1.0000 1.0000
        1.0000 1.0000 1.0000 1.0000 1.0000 1.0000 1.0000 1.0000 1.0000 1.0000 1.0000 1.0000
        1.0000 1.0000 1.0000 1.0000 1.0000 1.0000 1.0000 1.0000 1.0000 1.0000 1.0000 1.0000
   2024 1.0000 1.0000 1.0000 1.0000 1.0000 1.0000 1.0389 1.0397 1.0441 1.0434 1.0499 1.0498
        1.0000 1.0000 1.0000 1.0000 1.0000 1.0000 0.9513 0.9520 0.9561 0.9554 0.9614 0.9612
        1.0000 1.0000 1.0000 1.0000 1.0000 1.0000 0.9888 0.9896 0.9938 0.9931 0.9993 0.9992
   2025 1.0494 1.0494 1.0501 1.0448 1.0405 1.0408 1.0389 1.0405 1.0435 1.0434 1.0499 1.0494
        0.9609 0.9609 0.9616 0.9566 0.9527 0.9530 0.9513 0.9527 0.9555 0.9554 0.9614 0.9609
        0.9988 0.9988 0.9995 0.9944 0.9903 0.9906 0.9888 0.9903 0.9932 0.9931 0.9993 0.9988
   2026 1.0498 1.0498 1.0494 1.0000 1.0000 1.0000 1.0000 1.0000 1.0000 1.0000 1.0000 1.0000
        0.9612 0.9612 0.9609 1.0000 1.0000 1.0000 1.0000 1.0000 1.0000 1.0000 1.0000 1.0000
        0.9992 0.9992 0.9988 1.0000 1.0000 1.0000 1.0000 1.0000 1.0000 1.0000 1.0000 1.0000
   1   4
   2022 1.0000 1.0000 1.0000 1.0000 1.0000 1.0000 1.0000 1.0000 1.0000 1.0000 1.0000 1.0000
        1.0000 1.0000 1.0000 1.0000 1.0000 1.0000 1.0000 1.0000 1.0000 1.0000 1.0000 1.0000
        1.0000 1.0000 1.0000 1.0000 1.0000 1.0000 1.0000 1.0000 1.0000 1.0000 1.0000 1.0000
   2023 1.0000 1.0000 1.0000 1.0000 1.0000 1.0000 1.0000 1.0000 1.0000 1.0000 1.0000 1.0000
        1.0000 1.0000 1.0000 1.0000 1.0000 1.0000 1.0000 1.0000 1.0000 1.0000 1.0000 1.0000
        1.0000 1.0000 1.0000 1.0000 1.0000 1.0000 1.0000 1.0000 1.0000 1.0000 1.0000 1.0000
   2024 1.0000 1.0000 1.0000 1.0000 1.0000 1.0000 1.0000 1.0000 1.0000 1.0000 1.0000 1.0000
        1.0000 1.0000 1.0000 1.0000 1.0000 1.0000 1.0000 1.0000 1.0000 1.0000 1.0000 1.0000
        1.0000 1.0000 1.0000 1.0000 1.0000 1.0000 1.0000 1.0000 1.0000 1.0000 1.0000 1.0000
   2025 1.0000 1.0000 1.0000 1.0000 1.0000 1.0000 1.0000 1.0000 1.0000 1.0000 1.0000 1.0000
        1.0000 1.0000 1.0000 1.0000 1.0000 1.0000 1.0000 1.0000 1.0000 1.0000 1.0000 1.0000
        1.0000 1.0000 1.0000 1.0000 1.0000 1.0000 1.0000 1.0000 1.0000 1.0000 1.0000 1.0000
   2026 1.0000 1.0000 1.0000 1.0000 1.0000 1.0000 1.0000 1.0000 1.0000 1.0000 1.0000 1.0000
        1.0000 1.0000 1.0000 1.0000 1.0000 1.0000 1.0000 1.0000 1.0000 1.0000 1.0000 1.0000
        1.0000 1.0000 1.0000 1.0000 1.0000 1.0000 1.0000 1.0000 1.0000 1.0000 1.0000 1.0000
   4   1
   2022 1.0000 1.0000 1.0000 1.0000 1.0000 1.0476 1.0547 1.0000 1.0000 1.0000 1.0588 1.0501
        1.0000 1.0000 1.0000 1.0000 1.0000 1.0476 1.0547 1.0000 1.0000 1.0000 0.9832 0.9845
        1.0000 1.0000 1.0000 1.0000 1.0000 0.9428 0.9375 1.0000 1.0000 1.0000 0.9832 0.9845
   2023 1.0000 1.0000 1.0000 1.0000 1.0000 1.0000 1.0496 1.0553 1.0640 1.0636 1.0588 1.0516
        1.0000 1.0000 1.0000 1.0000 1.0000 1.0000 0.9746 0.9674 0.9754 0.9750 0.9832 0.9859
        1.0000 1.0000 1.0000 1.0000 1.0000 1.0000 0.9746 0.9674 0.9754 0.9750 0.9832 0.9859
   2024 1.0000 1.0000 1.0000 1.0000 1.0000 1.0000 1.0470 1.0568 1.0627 1.0611 1.0588 1.0508
        1.0000 1.0000 1.0000 1.0000 1.0000 1.0000 0.9723 0.9688 0.9742 0.9727 0.9832 0.9852
        1.0000 1.0000 1.0000 1.0000 1.0000 1.0000 0.9723 0.9688 0.9742 0.9727 0.9832 0.9852
   2025 1.0000 1.0000 1.0000 1.0000 1.0000 1.0000 1.0470 1.0583 1.0614 1.0611 1.0588 1.0501
        1.0000 1.0000 1.0000 1.0000 1.0000 1.0000 0.9723 0.9701 0.9730 0.9727 0.9832 0.9845
        1.0000 1.0000 1.0000 1.0000 1.0000 1.0000 0.9723 0.9701 0.9730 0.9727 0.9832 0.9845
   2026 1.0000 1.0000 1.0000 1.0000 1.0000 1.0000 1.0470 1.0583 1.0627 1.0636 1.0588 1.0501
        1.0000 1.0000 1.0000 1.0000 1.0000 1.0000 0.9723 0.9701 0.9742 0.9750 0.9832 0.9845
        1.0000 1.0000 1.0000 1.0000 1.0000 1.0000 0.9723 0.9701 0.9742 0.9750 0.9832 0.9845
9999
 SBM  BLOCO
 XXX XXX
    ANO                 BLOCO DE USINAS NAO SIMULADAS (P.U. MONTANTE MED.)
   XXXX X.XXXX X.XXXX X.XXXX X.XXXX X.XXXX X.XXXX X.XXXX X.XXXX X.XXXX X.XXXX X.XXXX X.XXXX
   1  1
   2022 1.0000 1.0000 1.0000 1.0000 1.0000 1.0187 1.0229 1.0188 1.0128 1.0121 0.9931 0.9926
        1.0000 1.0000 1.0000 1.0000 1.0000 1.0056 1.0069 1.0043 1.0181 1.0207 1.0158 1.0100
        1.0000 1.0000 1.0000 1.0000 1.0000 0.9831 0.9805 0.9819 0.9838 0.9847 0.9943 0.9977
   2023 0.9969 0.9900 0.9943 1.0036 1.0097 1.0187 1.0229 1.0188 1.0134 1.0117 0.9933 0.9928
        1.0108 1.0083 1.0072 1.0074 1.0044 1.0056 1.0069 1.0043 1.0185 1.0201 1.0158 1.0100
        0.9951 0.9999 0.9985 0.9953 0.9904 0.9832 0.9805 0.9819 0.9843 0.9842 0.9942 0.9977
   2024 0.9971 0.9901 0.9943 1.0030 1.0100 1.0193 1.0214 1.0194 1.0129 1.0108 0.9934 0.9928
        1.0107 1.0084 1.0072 1.0068 1.0047 1.0062 1.0054 1.0049 1.0180 1.0192 1.0158 1.0100
        0.9950 0.9998 0.9985 0.9947 0.9908 0.9838 0.9791 0.9825 0.9838 0.9833 0.9942 0.9976
   2025 0.9973 0.9903 0.9945 1.0034 1.0100 1.0193 1.0214 1.0200 1.0124 1.0109 0.9936 0.9930
        1.0107 1.0084 1.0072 1.0071 1.0047 1.0062 1.0054 1.0055 1.0175 1.0191 1.0158 1.0100
        0.9950 0.9998 0.9984 0.9950 0.9908 0.9838 0.9791 0.9832 0.9834 0.9833 0.9941 0.9976
   2026 0.9974 0.9903 0.9945 1.0034 1.0103 1.0187 1.0214 1.0200 1.0129 1.0118 0.9936 0.9930
        1.0108 1.0083 1.0072 1.0071 1.0050 1.0056 1.0054 1.0055 1.0180 1.0201 1.0158 1.0100
        0.9951 0.9997 0.9984 0.9950 0.9911 0.9832 0.9791 0.9832 0.9838 0.9842 0.9941 0.9976
   1  2
   2022 1.0000 1.0000 1.0000 1.0000 1.0000 0.9859 0.9885 0.9914 0.9780 0.9828 0.9868 1.0105
        1.0000 1.0000 1.0000 1.0000 1.0000 1.0016 0.9992 1.0004 0.9960 0.9978 0.9946 0.9917
        1.0000 1.0000 1.0000 1.0000 1.0000 1.0101 1.0087 1.0072 1.0151 1.0100 1.0088 0.9997
   2023 1.0058 0.9785 0.9937 0.9905 1.0078 0.9859 0.9884 0.9913 0.9774 0.9832 0.9867 1.0106
        0.9783 0.9956 0.9971 1.0048 1.0007 1.0016 0.9992 1.0005 0.9955 0.9983 0.9947 0.9920
        1.0100 1.0123 1.0052 1.0025 0.9936 1.0102 1.0088 1.0072 1.0145 1.0104 1.0089 0.9999
   2024 1.0055 0.9786 0.9929 0.9911 1.0080 0.9855 0.9890 0.9908 0.9778 0.9838 0.9861 1.0101
        0.9784 0.9958 0.9967 1.0055 1.0010 1.0012 0.9999 1.0003 0.9963 0.9991 0.9948 0.9923
        1.0101 1.0125 1.0048 1.0031 0.9938 1.0097 1.0095 1.0071 1.0152 1.0113 1.0090 0.9998
   2025 1.0043 0.9785 0.9921 0.9906 1.0077 0.9855 0.9889 0.9905 0.9783 0.9838 0.9860 1.0100
        0.9789 0.9964 0.9971 1.0052 1.0011 1.0011 0.9999 1.0001 0.9969 0.9991 0.9949 0.9923
        1.0104 1.0129 1.0049 1.0029 0.9940 1.0097 1.0096 1.0069 1.0158 1.0113 1.0091 0.9997
   2026 1.0039 0.9779 0.9923 0.9906 1.0079 0.9860 0.9889 0.9905 0.9777 0.9830 0.9859 1.0099
        0.9787 0.9959 0.9975 1.0053 1.0013 1.0016 0.9999 1.0001 0.9963 0.9983 0.9949 0.9923
        1.0102 1.0124 1.0053 1.0029 0.9942 1.0102 1.0096 1.0069 1.0152 1.0105 1.0091 0.9997
   1  3
   2022 1.0000 1.0000 1.0000 1.0000 1.0000 1.1395 1.1439 1.2345 1.1685 1.1297 1.1344 1.1849
        1.0000 1.0000 1.0000 1.0000 1.0000 0.9790 1.0105 0.9004 1.0795 1.0508 1.0271 1.1332
        1.0000 1.0000 1.0000 1.0000 1.0000 0.9015 0.8911 0.8440 0.8613 0.9098 0.9252 0.8292
   2023 1.1972 1.1681 1.3767 1.2439 1.1488 1.1395 1.1439 1.2345 1.1742 1.1260 1.1344 1.1980
        1.0939 1.0883 1.0797 1.1111 0.8734 0.9790 1.0105 0.9004 1.0848 1.0473 1.0271 1.1457
        0.8466 0.8730 0.7485 0.8405 0.9377 0.9015 0.8911 0.8440 0.8655 0.9068 0.9252 0.8384
   2024 1.1972 1.1664 1.4128 1.2131 1.1526 1.1442 1.1343 1.2424 1.1685 1.1186 1.1344 1.1914
        1.0939 1.0867 1.1081 1.0836 0.8763 0.9830 1.0020 0.9062 1.0795 1.0404 1.0271 1.1394
        0.8466 0.8717 0.7681 0.8197 0.9408 0.9052 0.8836 0.8494 0.8613 0.9008 0.9252 0.8338
   2025 1.1972 1.1626 1.4128 1.2283 1.1526 1.1442 1.1343 1.2504 1.1628 1.1186 1.1344 1.1849
        1.0939 1.0831 1.1081 1.0972 0.8763 0.9830 1.0020 0.9120 1.0743 1.0404 1.0271 1.1332
        0.8466 0.8688 0.7681 0.8300 0.9408 0.9052 0.8836 0.8549 0.8571 0.9008 0.9252 0.8292
   2026 1.2033 1.1681 1.3885 1.2283 1.1565 1.1395 1.1343 1.2504 1.1685 1.1260 1.1344 1.1849
        1.0995 1.0883 1.0890 1.0972 0.8793 0.9790 1.0020 0.9120 1.0795 1.0473 1.0271 1.1332
        0.8509 0.8730 0.7549 0.8300 0.9440 0.9015 0.8836 0.8549 0.8613 0.9068 0.9252 0.8292
   1  4
   2022 1.0000 1.0000 1.0000 1.0000 1.0000 1.4978 1.5635 1.4821 1.7340 1.7809 2.1645 2.1751
        1.0000 1.0000 1.0000 1.0000 1.0000 0.8391 0.8855 0.8884 0.6073 0.6253 0.4628 0.4510
        1.0000 1.0000 1.0000 1.0000 1.0000 0.6858 0.6387 0.6365 0.7398 0.7507 0.7809 0.7458
   2023 2.2490 2.3601 2.2444 1.8405 1.4862 1.4996 1.5640 1.4822 1.7588 1.7563 2.1662 2.2383
        0.4626 0.4484 0.4818 0.6271 0.8520 0.8357 0.8848 0.8867 0.6158 0.6160 0.4630 0.4638
        0.7024 0.6896 0.6598 0.7575 0.6805 0.6859 0.6385 0.6372 0.7492 0.7415 0.7801 0.7663
   2024 2.2488 2.3465 2.3582 1.7384 1.5061 1.5206 1.5176 1.5033 1.7351 1.7110 2.1662 2.2072
        0.4619 0.4461 0.5064 0.5922 0.8633 0.8473 0.8586 0.8993 0.6075 0.6001 0.4630 0.4573
        0.7029 0.6856 0.6930 0.7155 0.6896 0.6955 0.6196 0.6463 0.7391 0.7224 0.7801 0.7557
   2025 2.2488 2.3173 2.3582 1.7880 1.5061 1.5206 1.5176 1.5248 1.7120 1.7110 2.1662 2.1765
        0.4619 0.4406 0.5064 0.6091 0.8633 0.8473 0.8586 0.9122 0.5994 0.6001 0.4630 0.4510
        0.7029 0.6770 0.6930 0.7359 0.6896 0.6955 0.6196 0.6556 0.7292 0.7224 0.7801 0.7452
   2026 2.2840 2.3600 2.2811 1.7881 1.5265 1.4996 1.5176 1.5248 1.7351 1.7563 2.1663 2.1765
        0.4691 0.4487 0.4898 0.6091 0.8750 0.8356 0.8586 0.9122 0.6075 0.6160 0.4630 0.4510
        0.7140 0.6895 0.6703 0.7359 0.6990 0.6859 0.6196 0.6556 0.7391 0.7415 0.7801 0.7451
   2  1
   2022 1.0000 1.0000 1.0000 1.0000 1.0000 1.0046 1.0184 1.0074 1.0105 0.9991 0.9719 0.9816
        1.0000 1.0000 1.0000 1.0000 1.0000 1.0086 1.0086 1.0097 1.0278 1.0129 1.0115 1.0213
        1.0000 1.0000 1.0000 1.0000 1.0000 0.9927 0.9831 0.9892 0.9807 0.9949 1.0061 0.9964
   2023 0.9877 1.0043 0.9881 1.0171 0.9979 1.0047 1.0184 1.0077 1.0113 0.9991 0.9723 0.9821
        1.0213 1.0298 1.0241 1.0344 1.0083 1.0086 1.0084 1.0096 1.0281 1.0128 1.0114 1.0211
        0.9934 0.9811 0.9912 0.9780 0.9980 0.9927 0.9831 0.9890 0.9812 0.9947 1.0060 0.9962
   2024 0.9879 1.0043 0.9889 1.0143 0.9984 1.0051 1.0173 1.0084 1.0110 0.9991 0.9728 0.9827
        1.0212 1.0294 1.0244 1.0311 1.0082 1.0087 1.0070 1.0098 1.0273 1.0127 1.0113 1.0210
        0.9934 0.9810 0.9916 0.9755 0.9977 0.9928 0.9819 0.9891 0.9807 0.9944 1.0058 0.9960
   2025 0.9882 1.0042 0.9895 1.0158 0.9988 1.0052 1.0173 1.0089 1.0105 0.9992 0.9731 0.9834
        1.0211 1.0287 1.0243 1.0323 1.0082 1.0087 1.0068 1.0101 1.0265 1.0127 1.0112 1.0208
        0.9933 0.9807 0.9914 0.9769 0.9975 0.9928 0.9820 0.9893 0.9801 0.9943 1.0057 0.9958
   2026 0.9884 1.0049 0.9895 1.0158 0.9990 1.0050 1.0174 1.0090 1.0112 0.9994 0.9733 0.9834
        1.0211 1.0290 1.0238 1.0320 1.0082 1.0084 1.0068 1.0101 1.0270 1.0129 1.0112 1.0208
        0.9933 0.9813 0.9910 0.9770 0.9974 0.9925 0.9820 0.9892 0.9807 0.9945 1.0057 0.9958
   2  2
   2022 1.0000 1.0000 1.0000 1.0000 1.0000 0.9884 0.9920 0.9946 0.9775 0.9813 0.9925 0.9803
        1.0000 1.0000 1.0000 1.0000 1.0000 1.0022 1.0003 0.9987 0.9996 1.0005 0.9937 0.9920
        1.0000 1.0000 1.0000 1.0000 1.0000 1.0080 1.0057 1.0053 1.0137 1.0097 1.0068 1.0145
   2023 0.9857 0.9843 0.9940 0.9830 0.9957 0.9891 0.9925 0.9962 0.9781 0.9822 0.9938 0.9810
        0.9988 0.9966 1.0041 1.0047 0.9979 1.0022 1.0000 0.9984 0.9993 1.0010 0.9946 0.9918
        1.0078 1.0091 1.0006 1.0060 1.0043 1.0075 1.0054 1.0040 1.0125 1.0097 1.0058 1.0124
   2024 0.9859 0.9844 0.9939 0.9843 0.9956 0.9888 0.9929 0.9960 0.9786 0.9829 0.9938 0.9814
        0.9989 0.9967 1.0040 1.0060 0.9978 1.0019 1.0005 0.9983 0.9998 1.0018 0.9946 0.9922
        1.0076 1.0092 1.0004 1.0073 1.0041 1.0072 1.0059 1.0039 1.0130 1.0105 1.0058 1.0129
   2025 0.9859 0.9847 0.9939 0.9837 0.9956 0.9888 0.9929 0.9959 0.9791 0.9829 0.9938 0.9818
        0.9989 0.9969 1.0040 1.0054 0.9978 1.0019 1.0005 0.9981 1.0003 1.0018 0.9946 0.9927
        1.0076 1.0095 1.0004 1.0067 1.0041 1.0072 1.0059 1.0038 1.0135 1.0105 1.0058 1.0133
   2026 0.9857 0.9843 0.9940 0.9837 0.9955 0.9891 0.9929 0.9959 0.9786 0.9822 0.9938 0.9818
        0.9986 0.9966 1.0041 1.0054 0.9976 1.0022 1.0005 0.9981 0.9998 1.0010 0.9946 0.9927
        1.0073 1.0091 1.0005 1.0067 1.0040 1.0075 1.0059 1.0038 1.0130 1.0097 1.0058 1.0133
   2  3
   2022 1.0000 1.0000 1.0000 1.0000 1.0000 0.9820 0.9535 0.9418 0.9747 0.9785 1.0290 0.9600
        1.0000 1.0000 1.0000 1.0000 1.0000 1.0342 1.0438 1.0343 1.0248 1.0281 1.0705 1.0568
        1.0000 1.0000 1.0000 1.0000 1.0000 0.9991 1.0155 1.0344 1.0037 0.9992 0.9480 0.9860
   2023 0.9715 1.0314 1.0252 1.0606 0.9489 0.9820 0.9535 0.9418 0.9743 0.9787 1.0290 0.9602
        1.0794 1.1100 1.0776 1.0801 1.0272 1.0342 1.0438 1.0343 1.0244 1.0283 1.0705 1.0570
        0.9668 0.9233 0.9378 0.9391 1.0286 0.9991 1.0155 1.0344 1.0034 0.9994 0.9480 0.9862
   2024 0.9715 1.0307 1.0304 1.0519 0.9476 0.9818 0.9553 0.9404 0.9747 0.9791 1.0290 0.9601
        1.0794 1.1092 1.0830 1.0711 1.0258 1.0339 1.0458 1.0327 1.0248 1.0287 1.0705 1.0569
        0.9668 0.9227 0.9426 0.9313 1.0272 0.9989 1.0174 1.0328 1.0037 0.9998 0.9480 0.9861
   2025 0.9715 1.0290 1.0304 1.0562 0.9476 0.9818 0.9553 0.9390 0.9750 0.9791 1.0290 0.9600
        1.0794 1.1073 1.0830 1.0756 1.0258 1.0339 1.0458 1.0312 1.0251 1.0287 1.0705 1.0568
        0.9668 0.9211 0.9426 0.9352 1.0272 0.9989 1.0174 1.0313 1.0041 0.9998 0.9480 0.9860
   2026 0.9721 1.0314 1.0269 1.0562 0.9464 0.9820 0.9553 0.9390 0.9747 0.9787 1.0290 0.9600
        1.0801 1.1100 1.0794 1.0756 1.0245 1.0342 1.0458 1.0312 1.0248 1.0283 1.0705 1.0568
        0.9674 0.9233 0.9394 0.9352 1.0259 0.9991 1.0174 1.0313 1.0037 0.9994 0.9480 0.9860
   2  4
   2022 1.0000 1.0000 1.0000 1.0000 1.0000 1.7475 1.7425 1.6025 1.8295 1.9299 2.2513 2.3841
        1.0000 1.0000 1.0000 1.0000 1.0000 0.4053 0.4339 0.4914 0.4409 0.5058 0.3901 0.4102
        1.0000 1.0000 1.0000 1.0000 1.0000 0.6803 0.6974 0.7148 0.7596 0.7239 0.7828 0.6668
   2023 2.3014 2.3479 2.4127 2.0328 1.6045 1.7475 1.7425 1.6025 1.8554 1.9001 2.2513 2.4685
        0.3490 0.3529 0.3705 0.4828 0.4633 0.4053 0.4339 0.4914 0.4472 0.4980 0.3901 0.4247
        0.7441 0.7493 0.6397 0.7260 0.7569 0.6803 0.6974 0.7148 0.7704 0.7127 0.7828 0.6904
   2024 2.3014 2.3358 2.5471 1.8999 1.6261 1.7786 1.6868 1.6254 1.8295 1.8435 2.2513 2.4258
        0.3490 0.3511 0.3912 0.4512 0.4695 0.4125 0.4200 0.4985 0.4409 0.4832 0.3901 0.4174
        0.7441 0.7454 0.6753 0.6785 0.7670 0.6924 0.6750 0.7250 0.7596 0.6915 0.7828 0.6784
   2025 2.3014 2.3094 2.5471 1.9641 1.6261 1.7786 1.6868 1.6488 1.8043 1.8435 2.2513 2.3841
        0.3490 0.3471 0.3912 0.4665 0.4695 0.4125 0.4200 0.5056 0.4348 0.4832 0.3901 0.4102
        0.7441 0.7370 0.6753 0.7015 0.7670 0.6924 0.6750 0.7354 0.7492 0.6915 0.7828 0.6668
   2026 2.3358 2.3479 2.4557 1.9641 1.6482 1.7475 1.6868 1.6488 1.8295 1.9001 2.2513 2.3841
        0.3542 0.3529 0.3771 0.4665 0.4759 0.4053 0.4200 0.5056 0.4409 0.4980 0.3901 0.4102
        0.7552 0.7493 0.6511 0.7015 0.7775 0.6803 0.6750 0.7354 0.7596 0.7127 0.7828 0.6668
   3  1
   2022 1.0000 1.0000 1.0000 1.0000 1.0000 1.0206 1.0161 1.0288 1.0334 1.0351 1.0209 1.0221
        1.0000 1.0000 1.0000 1.0000 1.0000 0.9943 0.9963 0.9901 0.9878 1.0054 1.0088 1.0103
        1.0000 1.0000 1.0000 1.0000 1.0000 0.9866 0.9899 0.9798 0.9855 0.9792 0.9858 0.9829
   2023 1.0280 1.0029 1.0101 1.0201 1.0212 1.0206 1.0161 1.0288 1.0341 1.0343 1.0209 1.0229
        1.0181 1.0151 1.0171 1.0010 0.9935 0.9943 0.9963 0.9901 0.9885 1.0046 1.0088 1.0113
        0.9754 0.9901 0.9839 0.9901 0.9861 0.9866 0.9899 0.9798 0.9862 0.9784 0.9858 0.9843
   2024 1.0263 1.0030 1.0116 1.0174 1.0204 1.0218 1.0149 1.0300 1.0331 1.0307 1.0206 1.0224
        1.0177 1.0148 1.0176 0.9996 0.9941 0.9941 0.9956 0.9906 0.9886 1.0031 1.0088 1.0108
        0.9764 0.9901 0.9857 0.9888 0.9877 0.9870 0.9892 0.9804 0.9853 0.9780 0.9860 0.9837
   2025 1.0263 1.0028 1.0116 1.0183 1.0204 1.0218 1.0149 1.0309 1.0324 1.0307 1.0206 1.0218
        1.0177 1.0146 1.0176 1.0005 0.9941 0.9941 0.9956 0.9914 0.9880 1.0031 1.0088 1.0102
        0.9764 0.9899 0.9857 0.9896 0.9877 0.9870 0.9892 0.9812 0.9846 0.9780 0.9860 0.9832
   2026 1.0271 1.0031 1.0107 1.0183 1.0209 1.0212 1.0149 1.0309 1.0331 1.0323 1.0206 1.0218
        1.0185 1.0149 1.0167 1.0005 0.9946 0.9935 0.9956 0.9914 0.9886 1.0047 1.0088 1.0102
        0.9772 0.9902 0.9848 0.9896 0.9882 0.9864 0.9892 0.9812 0.9853 0.9795 0.9860 0.9832
   3  2
   2022 1.0000 1.0000 1.0000 1.0000 1.0000 0.9919 0.9756 0.9878 0.9833 0.9832 0.9776 0.9760
        1.0000 1.0000 1.0000 1.0000 1.0000 1.0020 0.9974 1.0025 1.0041 0.9968 0.9942 0.9957
        1.0000 1.0000 1.0000 1.0000 1.0000 1.0054 1.0188 1.0093 1.0082 1.0102 1.0132 1.0144
   2023 0.9864 0.9835 0.9814 0.9795 0.9821 0.9919 0.9756 0.9878 0.9830 0.9834 0.9771 0.9745
        0.9980 0.9964 0.9942 0.9949 1.0024 1.0020 0.9975 1.0025 1.0038 0.9974 0.9942 0.9946
        1.0079 1.0096 1.0136 1.0117 1.0131 1.0054 1.0188 1.0094 1.0078 1.0106 1.0134 1.0137
   2024 0.9863 0.9836 0.9801 0.9814 0.9817 0.9917 0.9770 0.9874 0.9832 0.9841 0.9769 0.9748
        0.9982 0.9965 0.9929 0.9969 1.0018 1.0018 0.9990 1.0021 1.0043 0.9983 0.9943 0.9951
        1.0078 1.0097 1.0122 1.0137 1.0125 1.0051 1.0203 1.0090 1.0082 1.0115 1.0134 1.0142
   2025 0.9861 0.9837 0.9799 0.9804 0.9817 0.9917 0.9770 0.9871 0.9836 0.9841 0.9769 0.9754
        0.9983 0.9968 0.9929 0.9960 1.0018 1.0018 0.9990 1.0018 1.0046 0.9983 0.9943 0.9957
        1.0079 1.0100 1.0123 1.0127 1.0125 1.0051 1.0203 1.0087 1.0085 1.0115 1.0134 1.0148
   2026 0.9858 0.9834 0.9808 0.9804 0.9812 0.9919 0.9770 0.9871 0.9832 0.9833 0.9769 0.9754
        0.9980 0.9964 0.9938 0.9960 1.0013 1.0020 0.9990 1.0018 1.0043 0.9975 0.9943 0.9957
        1.0076 1.0096 1.0132 1.0127 1.0120 1.0054 1.0203 1.0087 1.0082 1.0107 1.0134 1.0148
   3  3
   2022 1.0000 1.0000 1.0000 1.0000 1.0000 0.8932 0.9282 0.9338 0.8841 0.9041 0.8910 0.8822
        1.0000 1.0000 1.0000 1.0000 1.0000 1.0686 1.0555 1.0746 1.0966 1.0897 1.0899 1.0624
        1.0000 1.0000 1.0000 1.0000 1.0000 1.0528 1.0290 1.0228 1.0250 1.0118 0.9985 1.0211
   2023 0.8510 0.9061 0.8185 0.8465 0.8672 0.8936 0.9282 0.9343 0.8833 0.9051 0.8901 0.8784
        1.0735 1.0616 1.0812 1.1037 1.0825 1.0681 1.0552 1.0741 1.0944 1.0912 1.0898 1.0599
        1.0299 1.0081 1.0461 1.0298 1.0689 1.0526 1.0291 1.0226 1.0229 1.0130 0.9990 1.0191
   2024 0.8509 0.9063 0.8132 0.8546 0.8646 0.8914 0.9312 0.9331 0.8849 0.9073 0.8900 0.8794
        1.0736 1.0619 1.0740 1.1141 1.0791 1.0652 1.0585 1.0725 1.0962 1.0939 1.0898 1.0612
        1.0299 1.0084 1.0390 1.0395 1.0653 1.0498 1.0324 1.0212 1.0247 1.0156 0.9990 1.0204
   2025 0.8509 0.9068 0.8132 0.8506 0.8646 0.8915 0.9312 0.9320 0.8866 0.9073 0.8898 0.8801
        1.0736 1.0626 1.0740 1.1089 1.0791 1.0651 1.0584 1.0709 1.0980 1.0939 1.0898 1.0627
        1.0299 1.0090 1.0390 1.0346 1.0652 1.0498 1.0324 1.0198 1.0264 1.0156 0.9991 1.0219
   2026 0.8494 0.9060 0.8169 0.8507 0.8619 0.8939 0.9312 0.9320 0.8851 0.9050 0.8898 0.8801
        1.0718 1.0617 1.0788 1.1089 1.0756 1.0678 1.0584 1.0709 1.0961 1.0912 1.0898 1.0627
        1.0282 1.0081 1.0436 1.0346 1.0618 1.0525 1.0324 1.0198 1.0246 1.0131 0.9991 1.0219
   3  4
   2022 1.0000 1.0000 1.0000 1.0000 1.0000 1.3998 1.4962 1.4607 1.6717 1.6580 2.0862 2.1589
        1.0000 1.0000 1.0000 1.0000 1.0000 1.0109 1.0331 0.9112 0.6291 0.6372 0.4972 0.5224
        1.0000 1.0000 1.0000 1.0000 1.0000 0.6873 0.6258 0.6445 0.7673 0.8103 0.7967 0.7113
   2023 2.2182 2.2525 2.0989 1.7872 1.4126 1.3981 1.4951 1.4592 1.6912 1.6406 2.0862 2.2232
        0.4695 0.4776 0.4925 0.6843 1.0294 1.0108 1.0331 0.9121 0.6367 0.6297 0.4965 0.5375
        0.7135 0.7223 0.7309 0.7593 0.6612 0.6886 0.6266 0.6453 0.7774 0.8014 0.7970 0.7331
   2024 2.2186 2.2412 2.1872 1.6915 1.4303 1.4151 1.4525 1.4789 1.6704 1.6061 2.0862 2.1904
        0.4694 0.4751 0.5131 0.6477 1.0423 1.0234 1.0039 0.9249 0.6290 0.6163 0.4964 0.5293
        0.7134 0.7184 0.7614 0.7191 0.6698 0.6975 0.6091 0.6544 0.7681 0.7845 0.7971 0.7226
   2025 2.2187 2.2158 2.1874 1.7375 1.4301 1.4148 1.4522 1.4989 1.6501 1.6062 2.0861 2.1582
        0.4693 0.4697 0.5130 0.6653 1.0422 1.0233 1.0039 0.9378 0.6214 0.6162 0.4961 0.5211
        0.7134 0.7102 0.7613 0.7390 0.6700 0.6977 0.6093 0.6637 0.7591 0.7844 0.7973 0.7124
   2026 2.2525 2.2532 2.1279 1.7374 1.4485 1.3973 1.4522 1.4988 1.6701 1.6409 2.0861 2.1582
        0.4764 0.4776 0.4990 0.6653 1.0557 1.0108 1.0039 0.9379 0.6289 0.6295 0.4961 0.5210
        0.7242 0.7221 0.7406 0.7391 0.6787 0.6892 0.6093 0.6637 0.7683 0.8013 0.7973 0.7125
   4  1
   2022 1.0000 1.0000 1.0000 1.0000 1.0000 0.9917 0.9828 0.9822 0.9813 0.9775 0.9763 0.9925
        1.0000 1.0000 1.0000 1.0000 1.0000 1.0023 1.0052 1.0031 1.0036 1.0127 1.0019 1.0070
        1.0000 1.0000 1.0000 1.0000 1.0000 1.0054 1.0104 1.0138 1.0096 1.0064 1.0095 0.9995
   2023 0.9958 0.9956 0.9885 0.9960 0.9952 0.9917 0.9828 0.9822 0.9809 0.9778 0.9763 0.9925
        1.0025 1.0039 1.0048 1.0008 0.9984 1.0023 1.0052 1.0031 1.0032 1.0130 1.0019 1.0069
        1.0006 0.9998 1.0031 1.0015 1.0044 1.0054 1.0104 1.0138 1.0092 1.0068 1.0095 0.9995
   2024 0.9958 0.9956 0.9881 0.9963 0.9951 0.9915 0.9836 0.9817 0.9813 0.9786 0.9763 0.9925
        1.0025 1.0039 1.0043 1.0011 0.9983 1.0021 1.0061 1.0026 1.0036 1.0138 1.0019 1.0070
        1.0006 0.9998 1.0027 1.0018 1.0043 1.0051 1.0113 1.0133 1.0096 1.0075 1.0095 0.9995
   2025 0.9958 0.9956 0.9881 0.9962 0.9951 0.9915 0.9836 0.9812 0.9817 0.9786 0.9763 0.9925
        1.0025 1.0039 1.0043 1.0010 0.9983 1.0021 1.0061 1.0021 1.0040 1.0138 1.0019 1.0070
        1.0006 0.9998 1.0027 1.0017 1.0043 1.0051 1.0113 1.0128 1.0100 1.0075 1.0095 0.9995
   2026 0.9958 0.9956 0.9884 0.9962 0.9949 0.9917 0.9836 0.9812 0.9813 0.9778 0.9763 0.9925
        1.0025 1.0039 1.0046 1.0010 0.9981 1.0023 1.0061 1.0021 1.0036 1.0130 1.0019 1.0070
        1.0005 0.9998 1.0030 1.0017 1.0041 1.0054 1.0113 1.0128 1.0096 1.0068 1.0095 0.9995
   4  2
   2022 1.0000 1.0000 1.0000 1.0000 1.0000 0.9686 0.9867 0.9929 0.9949 0.9999 0.9846 0.9793
        1.0000 1.0000 1.0000 1.0000 1.0000 0.9981 1.0012 0.9955 1.0063 1.0028 0.9894 0.9961
        1.0000 1.0000 1.0000 1.0000 1.0000 1.0250 1.0092 1.0082 1.0002 0.9988 1.0127 1.0126
   2023 0.9847 0.9876 0.9839 0.9944 0.9920 0.9686 0.9867 0.9929 0.9948 0.9999 0.9846 0.9785
        0.9930 0.9942 0.9923 0.9952 0.9990 0.9981 1.0012 0.9955 1.0062 1.0028 0.9894 0.9952
        1.0117 1.0090 1.0135 1.0046 1.0067 1.0250 1.0092 1.0082 1.0001 0.9988 1.0127 1.0117
   2024 0.9847 0.9877 0.9826 0.9951 0.9918 0.9677 0.9874 0.9926 0.9949 0.9998 0.9846 0.9789
        0.9930 0.9943 0.9910 0.9958 0.9987 0.9971 1.0019 0.9953 1.0063 1.0028 0.9894 0.9956
        1.0117 1.0091 1.0122 1.0053 1.0065 1.0240 1.0099 1.0079 1.0002 0.9988 1.0127 1.0121
   2025 0.9847 0.9880 0.9826 0.9948 0.9918 0.9677 0.9874 0.9924 0.9950 0.9998 0.9846 0.9793
        0.9930 0.9945 0.9910 0.9955 0.9987 0.9971 1.0019 0.9950 1.0063 1.0028 0.9894 0.9961
        1.0117 1.0093 1.0122 1.0049 1.0065 1.0240 1.0099 1.0076 1.0002 0.9988 1.0127 1.0126
   2026 0.9843 0.9876 0.9835 0.9948 0.9915 0.9686 0.9874 0.9924 0.9949 0.9999 0.9846 0.9793
        0.9926 0.9942 0.9918 0.9955 0.9985 0.9981 1.0019 0.9950 1.0063 1.0028 0.9894 0.9961
        1.0113 1.0090 1.0130 1.0049 1.0062 1.0250 1.0099 1.0076 1.0002 0.9988 1.0127 1.0126
   4  3
   2022 1.0000 1.0000 1.0000 1.0000 1.0000 1.1581 1.0205 0.8713 0.9179 0.9774 0.9531 0.9535
        1.0000 1.0000 1.0000 1.0000 1.0000 0.9696 1.0628 1.0617 1.0080 1.0407 1.0179 1.0300
        1.0000 1.0000 1.0000 1.0000 1.0000 0.8913 0.9588 1.0824 1.0458 0.9943 1.0109 1.0051
   2023 1.0603 1.0925 1.1143 1.3291 1.2142 1.1581 1.0205 0.8713 0.9162 0.9775 0.9531 0.9527
        1.0287 1.1112 1.1186 1.0377 1.0093 0.9696 1.0628 1.0617 1.0061 1.0408 1.0179 1.0292
        0.9531 0.8947 0.8644 0.8304 0.8267 0.8913 0.9588 1.0824 1.0439 0.9945 1.0109 1.0043
   2024 1.0603 1.0913 1.1280 1.2904 1.2221 1.1634 1.0182 0.8683 0.9179 0.9777 0.9531 0.9531
        1.0287 1.1100 1.1324 1.0075 1.0159 0.9740 1.0604 1.0580 1.0080 1.0410 1.0179 1.0296
        0.9531 0.8937 0.8750 0.8062 0.8321 0.8954 0.9567 1.0787 1.0458 0.9947 1.0109 1.0047
   2025 1.0603 1.0885 1.1280 1.3095 1.2221 1.1634 1.0182 0.8654 0.9196 0.9777 0.9531 0.9535
        1.0287 1.1072 1.1324 1.0224 1.0159 0.9740 1.0604 1.0544 1.0099 1.0410 1.0179 1.0300
        0.9531 0.8914 0.8750 0.8181 0.8321 0.8954 0.9567 1.0750 1.0478 0.9947 1.0109 1.0051
   2026 1.0619 1.0925 1.1188 1.3095 1.2301 1.1581 1.0182 0.8654 0.9179 0.9775 0.9531 0.9535
        1.0303 1.1112 1.1232 1.0224 1.0226 0.9696 1.0604 1.0544 1.0080 1.0408 1.0179 1.0300
        0.9546 0.8947 0.8679 0.8181 0.8375 0.8913 0.9567 1.0750 1.0458 0.9945 1.0109 1.0051
   4  4
   2022 1.0000 1.0000 1.0000 1.0000 1.0000 1.4919 1.5516 1.4829 1.7734 1.7577 2.1551 2.2681
        1.0000 1.0000 1.0000 1.0000 1.0000 0.8184 0.9174 0.8330 0.6555 0.7032 0.5209 0.5241
        1.0000 1.0000 1.0000 1.0000 1.0000 0.6993 0.6340 0.6612 0.6936 0.7293 0.7528 0.6563
   2023 2.2135 2.5112 2.2579 1.9266 1.5550 1.4919 1.5516 1.4829 1.8003 1.7338 2.1551 2.3461
        0.4939 0.4772 0.4571 0.5906 0.8481 0.8184 0.9174 0.8330 0.6654 0.6936 0.5209 0.5421
        0.7013 0.6041 0.6681 0.7320 0.6278 0.6993 0.6340 0.6612 0.7041 0.7194 0.7528 0.6789
   2024 2.2135 2.4942 2.3712 1.8092 1.5790 1.5122 1.5058 1.5033 1.7734 1.6881 2.1551 2.3066
        0.4939 0.4740 0.4800 0.5546 0.8612 0.8295 0.8904 0.8444 0.6555 0.6754 0.5209 0.5330
        0.7013 0.6000 0.7017 0.6874 0.6375 0.7088 0.6153 0.6703 0.6936 0.7004 0.7528 0.6675
   2025 2.2135 2.4573 2.3712 1.8660 1.5790 1.5122 1.5058 1.5241 1.7474 1.6881 2.1551 2.2681
        0.4939 0.4670 0.4800 0.5720 0.8612 0.8295 0.8904 0.8561 0.6459 0.6754 0.5209 0.5241
        0.7013 0.5911 0.7017 0.7090 0.6375 0.7088 0.6153 0.6795 0.6834 0.7004 0.7528 0.6563
   2026 2.2478 2.5112 2.2943 1.8660 1.6038 1.4919 1.5058 1.5241 1.7734 1.7338 2.1551 2.2681
        0.5015 0.4772 0.4644 0.5720 0.8747 0.8184 0.8904 0.8561 0.6555 0.6936 0.5209 0.5241
        0.7122 0.6041 0.6789 0.7090 0.6476 0.6993 0.6153 0.6795 0.6936 0.7194 0.7528 0.6563
