 POST        USINA       JAN       FEV       MAR       ABR       MAI       JUN       JUL       AGO       SET       OUT       NOV       DEZ
 XXXX XXXXXXXXXXXX XXXXXX.XX XXXXXX.XX XXXXXX.XX XXXXXX.XX XXXXXX.XX XXXXXX.XX XXXXXX.XX XXXXXX.XX XXXXXX.XX XXXXXX.XX XXXXXX.XX XXXXXX.XX
MESPLAN =    5     ANOPLAN = 2015
  001              000049.00 000100.00 000098.00 000072.00 000040.00 000037.00 000034.00 000032.00 000026.00 000024.00 000056.00 000069.00
  002              000049.00 000100.00 000098.00 000072.00 000040.00 000037.00 000034.00 000032.00 000026.00 000024.00 000056.00 000069.00
  006              000308.00 000600.00 000806.00 000527.00 000267.00 000252.00 000233.00 000200.00 000143.00 000102.00 000290.00 000544.00
  007              000364.00 000706.00 000946.00 000663.00 000290.00 000270.00 000246.00 000218.00 000156.00 000113.00 000305.00 000666.00
  008              000378.00 000730.00 000978.00 000696.00 000296.00 000274.00 000248.00 000222.00 000159.00 000115.00 000307.00 000694.00
  009              000384.00 000739.00 000990.00 000711.00 000298.00 000277.00 000249.00 000225.00 000160.00 000116.00 000306.00 000707.00
  010              000401.00 000766.00 001026.00 000751.00 000305.00 000282.00 000252.00 000231.00 000164.00 000119.00 000307.00 000739.00
  011              000438.00 000828.00 001111.00 000834.00 000320.00 000293.00 000260.00 000241.00 000171.00 000126.00 000320.00 000806.00
  012              000514.00 000943.00 001262.00 000993.00 000363.00 000330.00 000292.00 000270.00 000193.00 000143.00 000354.00 000923.00
  014              000023.00 000031.00 000042.00 000030.00 000016.00 000015.00 000015.00 000012.00 000012.00 000008.00 000018.00 000045.00
  015              000039.00 000050.00 000069.00 000050.00 000026.00 000024.00 000025.00 000019.00 000019.00 000014.00 000028.00 000073.00
  016              000039.00 000050.00 000069.00 000050.00 000027.00 000025.00 000025.00 000019.00 000020.00 000014.00 000029.00 000074.00
  017              000779.00 001305.00 001764.00 001435.00 000579.00 000532.00 000483.00 000448.00 000330.00 000245.00 000500.00 001302.00
  018              001001.00 001565.00 002026.00 001698.00 000745.00 000684.00 000624.00 000593.00 000458.00 000364.00 000640.00 001589.00
  020              000078.00 000170.00 000244.00 000211.00 000088.00 000063.00 000051.00 000043.00 000031.00 000018.00 000072.00 000188.00
  022              000057.00 000080.00 000169.00 000154.00 000080.00 000054.00 000038.00 000027.00 000020.00 000009.00 000045.00 000125.00
  023              000074.00 000111.00 000214.00 000240.00 000146.00 000097.00 000074.00 000058.00 000046.00 000035.00 000078.00 000157.00
  024              000220.00 000483.00 000692.00 000599.00 000251.00 000180.00 000144.00 000123.00 000088.00 000051.00 000204.00 000533.00
  025              000111.00 000291.00 000382.00 000305.00 000115.00 000094.00 000090.00 000080.00 000049.00 000040.00 000143.00 000268.00
  028              000121.00 000306.00 000402.00 000335.00 000125.00 000101.00 000095.00 000088.00 000054.00 000042.00 000135.00 000306.00
  031              000736.00 001375.00 002117.00 002003.00 000914.00 000657.00 000558.00 000465.00 000326.00 000233.00 000695.00 001689.00
  032              000791.00 001464.00 002242.00 002139.00 000987.00 000712.00 000609.00 000510.00 000360.00 000254.00 000720.00 001809.00
  033              001299.00 002359.00 003553.00 003411.00 001650.00 001236.00 001112.00 000923.00 000678.00 000473.00 001106.00 002905.00
  034              003025.00 004912.00 006835.00 006228.00 003033.00 002456.00 002174.00 001964.00 001526.00 001212.00 002311.00 005608.00
  037              000222.00 000612.00 000582.00 000262.00 000147.00 000128.00 000120.00 000103.00 000143.00 000086.00 000180.00 000296.00
  038              000272.00 000662.00 000644.00 000306.00 000181.00 000161.00 000150.00 000128.00 000167.00 000106.00 000216.00 000345.00
  039              000365.00 000766.00 000761.00 000386.00 000248.00 000222.00 000208.00 000176.00 000215.00 000143.00 000284.00 000442.00
  040              000431.00 000891.00 000879.00 000469.00 000307.00 000278.00 000258.00 000221.00 000251.00 000187.00 000351.00 000568.00
  042              000456.00 000943.00 000925.00 000502.00 000329.00 000301.00 000278.00 000239.00 000265.00 000205.00 000373.00 000618.00
  043              000476.00 000981.00 000969.00 000540.00 000337.00 000324.00 000286.00 000253.00 000261.00 000229.00 000361.00 000641.00
  044              003501.00 005893.00 007804.00 006768.00 003370.00 002780.00 002460.00 002217.00 001787.00 001441.00 002672.00 006249.00
  045              003887.00 006443.00 008425.00 007386.00 003759.00 003206.00 002784.00 002534.00 002097.00 001729.00 003177.00 006937.00
  046              004878.00 007291.00 009342.00 008369.00 004725.00 004118.00 003622.00 003470.00 002930.00 002409.00 003805.00 007836.00
  047              000169.00 000327.00 000357.00 000203.00 000125.00 000207.00 000127.00 000113.00 000133.00 000102.00 000150.00 000229.00
  048              000175.00 000335.00 000365.00 000208.00 000129.00 000215.00 000131.00 000117.00 000139.00 000107.00 000152.00 000233.00
  049              000268.00 000507.00 000519.00 000306.00 000210.00 000373.00 000209.00 000179.00 000267.00 000189.00 000211.00 000324.00
  050              000364.00 000643.00 000665.00 000426.00 000302.00 000450.00 000284.00 000244.00 000345.00 000252.00 000280.00 000446.00
  051              000371.00 000653.00 000676.00 000437.00 000309.00 000457.00 000290.00 000249.00 000350.00 000259.00 000286.00 000454.00
  052              000386.00 000675.00 000701.00 000457.00 000323.00 000470.00 000303.00 000260.00 000362.00 000270.00 000297.00 000473.00
  054              000205.00 000153.00 000184.00 000130.00 000109.00 000531.00 000150.00 000089.00 000145.00 000260.00 000146.00 000207.00
  055              000241.00 000161.00 000202.00 000161.00 000116.00 000497.00 000146.00 000091.00 000151.00 000227.00 000133.00 000201.00
  057              000390.00 000294.00 000334.00 000236.00 000228.00 000862.00 000254.00 000157.00 000288.00 000373.00 000213.00 000336.00
  058              000394.00 000447.00 000436.00 000315.00 000270.00 000706.00 000297.00 000200.00 000386.00 000387.00 000250.00 000374.00
  061              001141.00 001531.00 001536.00 001060.00 000839.00 001822.00 000871.00 000643.00 001100.00 001010.00 000775.00 001188.00
  062              001186.00 001573.00 001572.00 001105.00 000886.00 001883.00 000935.00 000686.00 001112.00 001058.00 000803.00 001226.00
  063              001312.00 001712.00 001720.00 001237.00 001005.00 002024.00 001070.00 000787.00 001168.00 001175.00 000883.00 001328.00
  065              000192.00 000115.00 000118.00 000055.00 000230.00 000613.00 000257.00 000060.00 000137.00 000284.00 000098.00 000046.00
  066              009112.00 011874.00 013939.00 012519.00 009163.00 013460.00 008255.00 006872.00 007045.00 007396.00 006958.00 011427.00
  070              000013.00 000012.00 000010.00 000010.00 000010.00 000608.00 000010.00 000010.00 000020.00 000040.00 000010.00 000010.00
  071              000130.00 000146.00 000118.00 000073.00 000131.00 000660.00 000121.00 000060.00 000146.00 000179.00 000092.00 000057.00
  072              000141.00 000154.00 000125.00 000078.00 000134.00 000684.00 000128.00 000061.00 000154.00 000187.00 000093.00 000059.00
  073              000186.00 000185.00 000154.00 000099.00 000149.00 000781.00 000155.00 000066.00 000193.00 000213.00 000096.00 000067.00
  074              001031.00 000837.00 000639.00 000518.00 000470.00 003098.00 000861.00 000384.00 000782.00 001147.00 000557.00 000596.00
  075              001448.00 001162.00 000931.00 000722.00 000675.00 003736.00 001178.00 000465.00 001127.00 001481.00 000657.00 000680.00
  076              001274.00 000988.00 000787.00 000633.00 000536.00 003562.00 001033.00 000409.00 000953.00 001307.00 000571.00 000623.00
  077              001690.00 001294.00 001074.00 000803.00 000940.00 005013.00 001497.00 000543.00 001266.00 001873.00 000776.00 000728.00
  078              001786.00 001336.00 001128.00 000836.00 001034.00 005240.00 001659.00 000574.00 001278.00 002047.00 000817.00 000737.00
  080              000123.00 000074.00 000076.00 000035.00 000148.00 000393.00 000165.00 000038.00 000088.00 000182.00 000063.00 000030.00
  081              002508.00 001788.00 001574.00 001068.00 001810.00 007504.00 002565.00 000799.00 001792.00 003066.00 001179.00 000934.00
  083              000132.00 000079.00 000081.00 000037.00 000158.00 000421.00 000176.00 000041.00 000094.00 000195.00 000068.00 000032.00
  085              000186.00 000154.00 000108.00 000105.00 000247.00 000689.00 000203.00 000106.00 000244.00 000301.00 000109.00 000142.00
  088              000429.00 000337.00 000153.00 000134.00 000357.00 000893.00 000488.00 000150.00 000256.00 000503.00 000270.00 000211.00
  089              000562.00 000442.00 000200.00 000176.00 000434.00 001085.00 000593.00 000182.00 000311.00 000611.00 000328.00 000257.00
  092              001933.00 001340.00 000703.00 000667.00 001864.00 004771.00 001918.00 000778.00 001461.00 002108.00 000947.00 000842.00
  093              000112.00 000051.00 000022.00 000031.00 000095.00 000242.00 000117.00 000053.00 000078.00 000077.00 000041.00 000031.00
  094              002619.00 001655.00 000859.00 000812.00 002435.00 005900.00 002831.00 001016.00 001842.00 002823.00 001201.00 000968.00
  097              000240.00 000217.00 000124.00 000184.00 000224.00 000973.00 000421.00 000219.00 000461.00 000599.00 000186.00 000186.00
  098              000142.00 000149.00 000086.00 000100.00 000103.00 000608.00 000249.00 000131.00 000264.00 000352.00 000104.00 000092.00
  099              000070.00 000079.00 000092.00 000092.00 000062.00 000058.00 000056.00 000056.00 000052.00 000050.00 000069.00 000100.00
  100              000005.00 000006.00 000006.00 000005.00 000004.00 000004.00 000004.00 000003.00 000004.00 000005.00 000005.00 000005.00
  101              000187.00 000163.00 000084.00 000070.00 000079.00 000355.00 000198.00 000080.00 000130.00 000225.00 000094.00 000107.00
  102              000563.00 000282.00 000148.00 000237.00 000400.00 000752.00 000623.00 000261.00 000474.00 000656.00 000357.00 000253.00
  103              000588.00 000293.00 000155.00 000245.00 000410.00 000772.00 000657.00 000272.00 000476.00 000691.00 000374.00 000257.00
  104              000037.00 000046.00 000048.00 000016.00 000034.00 000035.00 000029.00 000028.00 000032.00 000025.00 000028.00 000055.00
  109              000020.00 000027.00 000023.00 000008.00 000016.00 000016.00 000012.00 000012.00 000015.00 000011.00 000012.00 000030.00
  110              000070.00 000044.00 000023.00 000049.00 000044.00 000083.00 000062.00 000034.00 000074.00 000085.00 000047.00 000049.00
  111              000322.00 000195.00 000086.00 000224.00 000241.00 000652.00 000568.00 000280.00 000423.00 000563.00 000239.00 000190.00
  112              000327.00 000198.00 000087.00 000227.00 000244.00 000659.00 000577.00 000282.00 000428.00 000571.00 000242.00 000194.00
  113              000458.00 000264.00 000115.00 000295.00 000316.00 000841.00 000751.00 000334.00 000576.00 000717.00 000310.00 000308.00
  114              000602.00 000336.00 000146.00 000371.00 000399.00 001050.00 000938.00 000391.00 000750.00 000871.00 000385.00 000435.00
  115              000026.00 000031.00 000027.00 000020.00 000020.00 000026.00 000018.00 000017.00 000023.00 000021.00 000019.00 000024.00
  116              000004.00 000006.00 000005.00 000002.00 000003.00 000003.00 000002.00 000002.00 000003.00 000002.00 000002.00 000007.00
  117              000017.00 000019.00 000025.00 000008.00 000018.00 000019.00 000017.00 000016.00 000017.00 000014.00 000016.00 000025.00
  118              000020.00 000027.00 000023.00 000008.00 000016.00 000016.00 000012.00 000012.00 000015.00 000011.00 000012.00 000030.00
  119              000024.00 000033.00 000028.00 000010.00 000019.00 000019.00 000014.00 000014.00 000018.00 000013.00 000014.00 000037.00
  120              000009.00 000034.00 000033.00 000015.00 000013.00 000011.00 000010.00 000008.00 000009.00 000005.00 000011.00 000014.00
  121              000035.00 000067.00 000062.00 000044.00 000035.00 000029.00 000028.00 000027.00 000027.00 000022.00 000027.00 000034.00
  122              000039.00 000079.00 000075.00 000052.00 000039.00 000033.00 000032.00 000030.00 000030.00 000024.00 000031.00 000039.00
  123              000093.00 000230.00 000234.00 000145.00 000089.00 000081.00 000077.00 000070.00 000064.00 000050.00 000079.00 000111.00
  125              000131.00 000279.00 000277.00 000182.00 000122.00 000117.00 000107.00 000095.00 000096.00 000088.00 000120.00 000152.00
  126              000070.00 000197.00 000186.00 000124.00 000062.00 000054.00 000038.00 000029.00 000011.00 000002.00 000066.00 000088.00
  127              000160.00 000287.00 000276.00 000214.00 000152.00 000144.00 000128.00 000119.00 000101.00 000092.00 000156.00 000178.00
  129              000248.00 000464.00 000458.00 000345.00 000237.00 000225.00 000202.00 000185.00 000167.00 000152.00 000240.00 000283.00
  130              000266.00 000494.00 000489.00 000376.00 000263.00 000245.00 000222.00 000209.00 000186.00 000168.00 000263.00 000312.00
  131              000084.00 000144.00 000144.00 000119.00 000079.00 000075.00 000069.00 000062.00 000062.00 000056.00 000078.00 000098.00
  132              000006.00 000016.00 000021.00 000017.00 000009.00 000008.00 000007.00 000007.00 000006.00 000005.00 000008.00 000010.00
  134              000040.00 000099.00 000084.00 000085.00 000048.00 000044.00 000038.00 000035.00 000026.00 000039.00 000098.00 000141.00
  135              000208.00 000188.00 000159.00 000117.00 000089.00 000076.00 000067.00 000059.00 000060.00 000070.00 000109.00 000173.00
  141              000146.00 000290.00 000273.00 000242.00 000196.00 000182.00 000165.00 000152.00 000116.00 000125.00 000278.00 000458.00
  144              000219.00 000427.00 000367.00 000354.00 000333.00 000315.00 000283.00 000263.00 000192.00 000193.00 000428.00 000746.00
  145              000133.00 000161.00 000170.00 000159.00 000109.00 000068.00 000062.00 000055.00 000064.00 000073.00 000124.00 000142.00
  148              000195.00 000381.00 000335.00 000316.00 000287.00 000271.00 000243.00 000226.00 000166.00 000169.00 000373.00 000654.00
  149              000052.00 000087.00 000102.00 000068.00 000055.00 000050.00 000050.00 000045.00 000038.00 000037.00 000075.00 000110.00
  154              000132.00 000146.00 000152.00 000141.00 000121.00 000116.00 000130.00 000108.00 000106.00 000100.00 000124.00 000173.00
  155              000026.00 000089.00 000131.00 000059.00 000034.00 000034.00 000034.00 000036.00 000019.00 000015.00 000030.00 000073.00
  156              000164.00 000559.00 000817.00 000447.00 000124.00 000100.00 000094.00 000094.00 000058.00 000048.00 000171.00 000506.00
  158              000019.00 000028.00 000049.00 000073.00 000040.00 000033.00 000026.00 000022.00 000018.00 000014.00 000024.00 000036.00
  160              000010.00 000011.00 000007.00 000007.00 000008.00 000007.00 000006.00 000007.00 000008.00 000007.00 000006.00 000009.00
  161              000133.00 000221.00 000191.00 000076.00 000075.00 000064.00 000059.00 000065.00 000079.00 000046.00 000097.00 000157.00
  164              000096.00 000175.00 000143.00 000060.00 000041.00 000029.00 000030.00 000037.00 000047.00 000021.00 000069.00 000102.00
  168              000912.00 001108.00 001224.00 001389.00 000816.00 000557.00 000653.00 000555.00 000553.00 000371.00 000640.00 001692.00
  169              001133.00 001558.00 001894.00 002172.00 001009.00 000695.00 000767.00 000679.00 000634.00 000427.00 000770.00 002210.00
  171              000000.00 000004.00 000028.00 000013.00 000008.00 000000.00 000016.00 000015.00 000032.00 000071.00 000111.00 000060.00
  172              001307.00 001421.00 001903.00 002299.00 001080.00 000708.00 000772.00 000708.00 000674.00 000520.00 000799.00 002155.00
  173              001366.00 001355.00 001906.00 002324.00 001102.00 000714.00 000767.00 000714.00 000675.00 000529.00 000773.00 002111.00
  175              001366.00 001355.00 001906.00 002324.00 001102.00 000714.00 000767.00 000714.00 000675.00 000529.00 000773.00 002111.00
  176              001366.00 001355.00 001906.00 002324.00 001102.00 000714.00 000767.00 000714.00 000675.00 000529.00 000773.00 002111.00
  178              001366.00 001355.00 001906.00 002324.00 001102.00 000714.00 000767.00 000714.00 000675.00 000529.00 000773.00 002111.00
  183              000021.00 000045.00 000046.00 000038.00 000033.00 000030.00 000026.00 000023.00 000018.00 000021.00 000047.00 000071.00
  187              000122.00 000123.00 000122.00 000101.00 000087.00 000077.00 000068.00 000062.00 000061.00 000068.00 000086.00 000112.00
  188              000059.00 000161.00 000139.00 000128.00 000064.00 000072.00 000049.00 000047.00 000025.00 000026.00 000246.00 000299.00
  190              000307.00 000510.00 000513.00 000419.00 000376.00 000285.00 000237.00 000205.00 000197.00 000193.00 000301.00 000404.00
  191              000399.00 000898.00 001028.00 000979.00 000590.00 000357.00 000252.00 000161.00 000140.00 000137.00 000407.00 000944.00
  196              000006.00 000008.00 000015.00 000014.00 000017.00 000012.00 000012.00 000011.00 000008.00 000009.00 000024.00 000026.00
  197              000015.00 000031.00 000028.00 000022.00 000017.00 000015.00 000014.00 000012.00 000010.00 000010.00 000021.00 000018.00
  198              000031.00 000052.00 000052.00 000042.00 000040.00 000037.00 000034.00 000032.00 000026.00 000022.00 000046.00 000039.00
  199              000280.00 000520.00 000514.00 000395.00 000263.00 000244.00 000221.00 000208.00 000186.00 000167.00 000262.00 000311.00
  201              000004.00 000011.00 000015.00 000012.00 000006.00 000006.00 000005.00 000005.00 000004.00 000004.00 000006.00 000007.00
  202              000002.00 000005.00 000006.00 000005.00 000003.00 000002.00 000002.00 000002.00 000002.00 000001.00 000002.00 000003.00
  203              000006.00 000017.00 000022.00 000017.00 000009.00 000008.00 000007.00 000007.00 000006.00 000005.00 000009.00 000010.00
  204              000310.00 000887.00 001644.00 002005.00 003222.00 002287.00 001744.00 001035.00 000549.00 000371.00 000226.00 000236.00
  205              000056.00 000092.00 000174.00 000192.00 000117.00 000078.00 000059.00 000046.00 000037.00 000029.00 000063.00 000123.00
  206              000118.00 000302.00 000398.00 000325.00 000122.00 000099.00 000094.00 000084.00 000052.00 000042.00 000143.00 000290.00
  207              000119.00 000303.00 000399.00 000328.00 000122.00 000100.00 000094.00 000085.00 000053.00 000042.00 000140.00 000295.00
  209              000233.00 000296.00 000591.00 000657.00 000394.00 000265.00 000208.00 000162.00 000124.00 000097.00 000218.00 000462.00
  211              000113.00 000236.00 000285.00 000190.00 000096.00 000087.00 000078.00 000073.00 000057.00 000048.00 000144.00 000180.00
  215              000349.00 000290.00 000202.00 000197.00 000465.00 001295.00 000382.00 000200.00 000459.00 000566.00 000204.00 000267.00
  216              000605.00 000500.00 000238.00 000201.00 000502.00 001258.00 000677.00 000213.00 000333.00 000681.00 000371.00 000282.00
  217              001288.00 001011.00 000560.00 000542.00 001284.00 003109.00 001422.00 000575.00 000981.00 001541.00 000756.00 000698.00
  220              000193.00 000088.00 000038.00 000053.00 000164.00 000411.00 000205.00 000091.00 000132.00 000136.00 000071.00 000052.00
  222              002321.00 001655.00 001457.00 000988.00 001675.00 006946.00 002374.00 000740.00 001659.00 002838.00 001091.00 000865.00
  225              000177.00 000289.00 000319.00 000326.00 000291.00 000120.00 000058.00 000034.00 000030.00 000029.00 000051.00 000213.00
  226              000142.00 000143.00 000144.00 000148.00 000171.00 000151.00 000135.00 000129.00 000129.00 000131.00 000137.00 000138.00
  227              001119.00 001556.00 001904.00 001793.00 000980.00 000767.00 000600.00 000507.00 000491.00 000475.00 000614.00 001234.00
  228              001222.00 001701.00 002081.00 001960.00 001070.00 000838.00 000656.00 000554.00 000537.00 000519.00 000670.00 001348.00
  229              002736.00 003807.00 004659.00 004387.00 003232.00 001975.00 001314.00 000979.00 000900.00 000897.00 001111.00 002488.00
  230              002761.00 003841.00 004701.00 004426.00 003269.00 002001.00 001335.00 000998.00 000917.00 000915.00 001239.00 002608.00
  237              000268.00 000675.00 000644.00 000284.00 000185.00 000166.00 000152.00 000134.00 000179.00 000113.00 000214.00 000361.00
  238              000318.00 000725.00 000706.00 000328.00 000219.00 000199.00 000182.00 000159.00 000203.00 000133.00 000250.00 000410.00
  239              000411.00 000829.00 000823.00 000408.00 000286.00 000260.00 000240.00 000207.00 000251.00 000170.00 000318.00 000507.00
  240              000477.00 000954.00 000941.00 000491.00 000345.00 000316.00 000290.00 000252.00 000287.00 000214.00 000385.00 000633.00
  241              000153.00 000193.00 000267.00 000238.00 000149.00 000128.00 000134.00 000112.00 000109.00 000101.00 000149.00 000255.00
  242              000502.00 001006.00 000987.00 000524.00 000367.00 000339.00 000310.00 000270.00 000301.00 000232.00 000407.00 000683.00
  243              000522.00 001044.00 001031.00 000562.00 000375.00 000362.00 000318.00 000284.00 000297.00 000256.00 000395.00 000706.00
  244              003547.00 005956.00 007866.00 006790.00 003408.00 002818.00 002492.00 002248.00 001823.00 001468.00 002706.00 006314.00
  245              003933.00 006506.00 008487.00 007408.00 003797.00 003244.00 002816.00 002565.00 002133.00 001756.00 003211.00 007002.00
  246              004924.00 007354.00 009404.00 008391.00 004763.00 004156.00 003654.00 003501.00 002966.00 002436.00 003839.00 007901.00
  247              000150.00 000210.00 000333.00 000260.00 000150.00 000116.00 000107.00 000083.00 000080.00 000072.00 000136.00 000279.00
  248              000156.00 000217.00 000346.00 000271.00 000156.00 000121.00 000112.00 000086.00 000083.00 000075.00 000140.00 000291.00
  249              000272.00 000511.00 000524.00 000312.00 000213.00 000376.00 000212.00 000181.00 000269.00 000193.00 000213.00 000328.00
  251              000093.00 000130.00 000274.00 000250.00 000131.00 000088.00 000062.00 000045.00 000033.00 000015.00 000072.00 000204.00
  252              000092.00 000098.00 000109.00 000075.00 000077.00 000068.00 000068.00 000044.00 000044.00 000047.00 000074.00 000163.00
  253              000443.00 000963.00 001122.00 001086.00 000651.00 000392.00 000275.00 000176.00 000152.00 000147.00 000435.00 001035.00
  254              000039.00 000080.00 000062.00 000118.00 000051.00 000027.00 000028.00 000028.00 000024.00 000020.00 000084.00 000252.00
  255              000017.00 000083.00 000057.00 000055.00 000030.00 000025.00 000018.00 000014.00 000005.00 000021.00 000113.00 000110.00
  257              000782.00 001549.00 001874.00 001942.00 001087.00 000638.00 000435.00 000282.00 000257.00 000255.00 000710.00 001715.00
  258              000022.00 000092.00 000067.00 000064.00 000034.00 000031.00 000022.00 000018.00 000007.00 000022.00 000130.00 000134.00
  259              000092.00 000098.00 000109.00 000075.00 000077.00 000068.00 000068.00 000044.00 000044.00 000047.00 000074.00 000163.00
  261              000168.00 000230.00 000369.00 000292.00 000169.00 000131.00 000118.00 000095.00 000087.00 000081.00 000137.00 000318.00
  262              000020.00 000042.00 000044.00 000036.00 000030.00 000027.00 000023.00 000021.00 000016.00 000019.00 000045.00 000064.00
  263              000042.00 000101.00 000086.00 000087.00 000050.00 000046.00 000040.00 000037.00 000027.00 000040.00 000101.00 000147.00
  265              000008.00 000015.00 000010.00 000013.00 000015.00 000015.00 000013.00 000012.00 000009.00 000007.00 000015.00 000033.00
  266              009158.00 011937.00 014001.00 012541.00 009201.00 013498.00 008287.00 006903.00 007081.00 007423.00 006992.00 011492.00
  267              000052.00 000086.00 000101.00 000067.00 000055.00 000050.00 000050.00 000045.00 000038.00 000037.00 000074.00 000109.00
  269              000615.00 000562.00 000886.00 000885.00 001355.00 001068.00 000932.00 000533.00 000332.00 000597.00 000445.00 000422.00
  270              000354.00 000827.00 000932.00 000869.00 000531.00 000324.00 000230.00 000147.00 000127.00 000126.00 000375.00 000853.00
  271              002648.00 003940.00 004861.00 005189.00 003283.00 001887.00 001336.00 001008.00 000916.00 000953.00 001869.00 003688.00
  273              001164.00 002097.00 002649.00 002823.00 001613.00 000924.00 000617.00 000403.00 000363.00 000354.00 000958.00 002411.00
  274              003226.00 004411.00 006062.00 007007.00 005117.00 002304.00 001318.00 000852.00 000730.00 000734.00 001536.00 003514.00
  275              009473.00 011423.00 016402.00 019683.00 015733.00 006486.00 003440.00 002214.00 001842.00 001885.00 003289.00 006854.00
  276              005274.00 005920.00 008730.00 010702.00 008963.00 003530.00 001792.00 001150.00 000939.00 000972.00 001480.00 002820.00
  277              000156.00 000222.00 000307.00 000301.00 000464.00 000348.00 000269.00 000208.00 000183.00 000166.00 000155.00 000110.00
  278              000120.00 000283.00 000287.00 000280.00 000114.00 000078.00 000066.00 000058.00 000063.00 000087.00 000158.00 000402.00
  279              000676.00 000676.00 000997.00 000904.00 000501.00 000230.00 000099.00 000057.00 000070.00 000095.00 000162.00 000616.00
  280              000310.00 000883.00 001650.00 002011.00 003229.00 002293.00 001748.00 001038.00 000550.00 000372.00 000227.00 000236.00
  281              000090.00 000094.00 000097.00 000093.00 000076.00 000072.00 000076.00 000069.00 000070.00 000066.00 000081.00 000120.00
  282              000086.00 000097.00 000113.00 000113.00 000076.00 000071.00 000069.00 000069.00 000064.00 000061.00 000085.00 000123.00
  283              000024.00 000023.00 000033.00 000020.00 000026.00 000043.00 000031.00 000031.00 000016.00 000029.00 000133.00 000107.00
  284              000252.00 000225.00 000129.00 000195.00 000238.00 001013.00 000451.00 000230.00 000477.00 000640.00 000197.00 000197.00
  285              029608.00 035846.00 039980.00 033196.00 036592.00 027476.00 018921.00 009739.00 005583.00 005707.00 007903.00 016474.00
  286              000132.00 000073.00 000052.00 000041.00 000146.00 000294.00 000162.00 000066.00 000109.00 000195.00 000056.00 000047.00
  287              029692.00 036179.00 040746.00 033764.00 037376.00 028269.00 019471.00 010081.00 005660.00 005857.00 007805.00 016391.00
  288              006486.00 008689.00 013742.00 016563.00 015122.00 007581.00 003499.00 001871.00 001302.00 001256.00 001783.00 003844.00
  289              000056.00 000064.00 000074.00 000074.00 000050.00 000047.00 000045.00 000045.00 000042.00 000040.00 000056.00 000081.00
  290              000265.00 000810.00 001594.00 001871.00 003649.00 002369.00 001896.00 001177.00 000649.00 000433.00 000224.00 000228.00
  291              000207.00 000467.00 000815.00 000705.00 000524.00 000273.00 000138.00 000072.00 000050.00 000041.00 000093.00 000207.00
  292              005386.00 007089.00 010492.00 010563.00 012222.00 005981.00 002399.00 000971.00 000552.00 000556.00 000983.00 002944.00
  293              001554.00 002208.00 004212.00 007159.00 003959.00 002131.00 001345.00 001031.00 000841.00 000788.00 000925.00 001169.00
  294              000140.00 000179.00 000249.00 000216.00 000136.00 000117.00 000125.00 000101.00 000102.00 000092.00 000141.00 000232.00
  295              000086.00 000079.00 000088.00 000088.00 000092.00 000079.00 000074.00 000070.00 000070.00 000073.00 000078.00 000087.00
  296              000039.00 000037.00 000039.00 000043.00 000041.00 000035.00 000034.00 000032.00 000032.00 000034.00 000036.00 000039.00
  297              000312.00 000884.00 001663.00 002027.00 003258.00 002313.00 001764.00 001047.00 000555.00 000375.00 000229.00 000238.00
  298              000082.00 000160.00 000160.00 000114.00 000076.00 000073.00 000067.00 000060.00 000060.00 000055.00 000075.00 000095.00
  299              000178.00 000317.00 000307.00 000245.00 000178.00 000164.00 000148.00 000143.00 000120.00 000108.00 000179.00 000207.00
  300                   0.00      0.00      0.00      0.00      0.00      0.00      0.00      0.00      0.00      0.00      0.00      0.00
  301              000020.00 000027.00 000023.00 000008.00 000016.00 000016.00 000012.00 000012.00 000015.00 000011.00 000012.00 000030.00
  302              001100.00 001600.00 003250.00 006000.00 002900.00 001600.00 001100.00 000900.00 000750.00 000700.00 000800.00 000900.00
  303              000006.00 000038.00 000040.00 000017.00 000009.00 000008.00 000007.00 000007.00 000006.00 000005.00 000008.00 000010.00
  304              000000.00 000000.00 000000.00 000000.00 000000.00 000000.00 000000.00 000000.00 000000.00 000000.00 000000.00 000000.00
  306              000090.00 000182.00 000184.00 000136.00 000088.00 000083.00 000076.00 000069.00 000068.00 000061.00 000086.00 000108.00
  313              000320.00 000358.00 000362.00 000280.00 000196.00 000154.00 000129.00 000112.00 000115.00 000142.00 000184.00 000258.00
  314              000192.00 000343.00 000332.00 000264.00 000178.00 000163.00 000147.00 000142.00 000120.00 000107.00 000178.00 000206.00
  315              000084.00 000166.00 000167.00 000119.00 000079.00 000075.00 000069.00 000062.00 000062.00 000056.00 000078.00 000098.00
  316              000084.00 000166.00 000167.00 000119.00 000079.00 000075.00 000069.00 000062.00 000062.00 000056.00 000078.00 000098.00
  317              000000.00 000000.00 000000.00 000000.00 000000.00 000000.00 000000.00 000000.00 000000.00 000000.00 000000.00 000000.00
  318              000051.00 000070.00 000067.00 000024.00 000041.00 000041.00 000034.00 000034.00 000040.00 000029.00 000037.00 000072.00
  319              000046.00 000063.00 000062.00 000022.00 000038.00 000038.00 000032.00 000031.00 000036.00 000027.00 000034.00 000065.00
  320              000024.00 000033.00 000028.00 000010.00 000019.00 000019.00 000014.00 000014.00 000018.00 000013.00 000014.00 000037.00
