 POST        USINA       JAN       FEV       MAR       ABR       MAI       JUN       JUL       AGO       SET       OUT       NOV       DEZ
 XXXX XXXXXXXXXXXX XXXXXX.XX XXXXXX.XX XXXXXX.XX XXXXXX.XX XXXXXX.XX XXXXXX.XX XXXXXX.XX XXXXXX.XX XXXXXX.XX XXXXXX.XX XXXXXX.XX XXXXXX.XX
MESPLAN =    6     ANOPLAN = 2022
    1                 261.00    225.00    117.00    108.00     68.00     50.00     40.00     36.00     34.00     86.00     81.00    116.00
    2                 261.00    225.00    117.00    108.00     68.00     50.00     40.00     36.00     34.00     86.00     81.00    116.00
    6                2096.00   2078.00    843.00    663.00    440.00    305.00    220.00    192.00    163.00    628.00    743.00    910.00
    7                2267.00   2323.00    955.00    749.00    499.00    345.00    248.00    214.00    176.00    650.00    834.00    975.00
    8                2306.00   2378.00    983.00    770.00    512.00    354.00    255.00    219.00    179.00    654.00    856.00    990.00
    9                2321.00   2400.00    996.00    780.00    518.00    358.00    258.00    221.00    180.00    653.00    867.00    995.00
   10                2366.00   2463.00   1030.00    807.00    535.00    369.00    266.00    227.00    184.00    657.00    893.00   1011.00
   11                2473.00   2606.00   1101.00    859.00    570.00    392.00    284.00    240.00    193.00    677.00    943.00   1051.00
   12                2674.00   2898.00   1296.00   1010.00    675.00    432.00    316.00    267.00    214.00    772.00   1042.00   1143.00
   14                  81.00     96.00     51.00     41.00     27.00     14.00     12.00     11.00      9.00     28.00     26.00     45.00
   15                 131.00    159.00     82.00     67.00     44.00     23.00     19.00     18.00     15.00     46.00     43.00     73.00
   16                 132.00    162.00     84.00     68.00     45.00     24.00     20.00     18.00     15.00     46.00     44.00     74.00
   17                3277.00   3946.00   1806.00   1424.00    997.00    631.00    493.00    439.00    350.00   1003.00   1355.00   1479.00
   18                3451.00   4350.00   2027.00   1589.00   1126.00    723.00    577.00    539.00    434.00   1105.00   1525.00   1659.00
   20                 446.00    410.00    231.00    117.00     81.00     49.00     36.00     26.00     23.00     40.00     96.00    206.00
   22                 217.00    194.00    114.00     58.00     43.00     40.00     27.00     23.00     19.00     25.00     63.00    161.00
   23                 305.00    287.00    192.00    105.00     74.00     64.00     48.00     37.00     33.00     42.00    109.00    185.00
   24                1265.00   1162.00    656.00    333.00    229.00    139.00    103.00     75.00     64.00    114.00    272.00    583.00
   25                 589.00    790.00    358.00    260.00    176.00     79.00     65.00     60.00     49.00    113.00    159.00    190.00
   28                 612.00    810.00    380.00    274.00    186.00     85.00     70.00     66.00     53.00    119.00    170.00    207.00
   31                3067.00   3245.00   1874.00   1070.00    754.00    498.00    391.00    326.00    273.00    501.00    917.00   1548.00
   32                3152.00   3345.00   1963.00   1128.00    797.00    525.00    411.00    344.00    288.00    522.00    959.00   1602.00
   33                4591.00   4941.00   3204.00   1914.00   1364.00    906.00    713.00    590.00    470.00    819.00   1644.00   2390.00
   34                8830.00  10278.00   6179.00   4188.00   2967.00   2070.00   1642.00   1460.00   1266.00   2388.00   3793.00   4747.00
   37                 558.00    653.00    371.00    154.00    131.00    134.00    119.00    115.00    103.00    187.00    189.00    226.00
   38                 600.00    806.00    434.00    209.00    170.00    162.00    143.00    138.00    126.00    210.00    224.00    258.00
   39                 708.00   1066.00    557.00    313.00    245.00    215.00    190.00    185.00    170.00    258.00    289.00    324.00
   40                 726.00   1236.00    604.00    359.00    272.00    248.00    215.00    212.00    208.00    295.00    329.00    368.00
   42                 736.00   1297.00    623.00    378.00    283.00    261.00    226.00    223.00    222.00    310.00    345.00    387.00
   43                 711.00   1372.00    646.00    406.00    298.00    272.00    235.00    232.00    233.00    316.00    365.00    406.00
   44                9541.00  11650.00   6825.00   4594.00   3265.00   2342.00   1877.00   1692.00   1499.00   2704.00   4158.00   5153.00
   45                9896.00  12136.00   7245.00   4960.00   3551.00   2595.00   2102.00   1914.00   1734.00   3032.00   4489.00   5557.00
   46               10434.00  12992.00   8199.00   5771.00   4151.00   3181.00   2596.00   2386.00   2255.00   3657.00   5039.00   6187.00
   47                 213.00    248.00    147.00    116.00     67.00     95.00     75.00     59.00     68.00    145.00    105.00     70.00
   48                 215.00    257.00    151.00    119.00     69.00     97.00     77.00     61.00     70.00    151.00    107.00     72.00
   49                 293.00    390.00    227.00    176.00    113.00    144.00    115.00     92.00    105.00    274.00    156.00    114.00
   50                 371.00    510.00    312.00    253.00    174.00    204.00    166.00    142.00    151.00    333.00    210.00    169.00
   51                 375.00    521.00    318.00    260.00    178.00    208.00    170.00    146.00    154.00    337.00    215.00    173.00
   52                 386.00    541.00    331.00    272.00    188.00    218.00    178.00    154.00    162.00    346.00    224.00    181.00
   54                  52.00     49.00     76.00    114.00     83.00     63.00     54.00     46.00     43.00    216.00    101.00     36.00
   55                  60.00     59.00     89.00    130.00     95.00     73.00     65.00     57.00     48.00    243.00    115.00     45.00
   57                 111.00    107.00    154.00    211.00    153.00    108.00    101.00     93.00     76.00    375.00    179.00     72.00
   58                 162.00    180.00    205.00    232.00    153.00    156.00    136.00    120.00    108.00    457.00    217.00    127.00
   61                 697.00    886.00    723.00    717.00    481.00    516.00    439.00    384.00    368.00   1220.00    640.00    424.00
   62                 727.00    932.00    771.00    771.00    523.00    565.00    477.00    417.00    399.00   1272.00    680.00    454.00
   63                 804.00   1029.00    887.00    897.00    620.00    682.00    564.00    494.00    470.00   1400.00    771.00    522.00
   65                  11.00     15.00     66.00    193.00    169.00     18.00     16.00     17.00     35.00    193.00     57.00     15.00
   66               12039.00  14823.00  11021.00   9359.00   6670.00   5336.00   4415.00   3907.00   3783.00   8370.00   7810.00   7781.00
   70                  10.00     10.00     10.00     17.00     10.00     10.00     10.00     10.00     10.00     29.00     10.00     10.00
   71                  28.00     33.00     71.00    138.00    125.00     28.00     27.00     40.00     32.00    151.00     61.00     22.00
   72                  30.00     35.00     77.00    148.00    133.00     30.00     30.00     42.00     36.00    161.00     65.00     24.00
   73                  38.00     43.00     99.00    190.00    166.00     38.00     41.00     51.00     51.00    202.00     82.00     31.00
   74                 291.00    295.00    653.00    750.00    762.00    256.00    285.00    210.00    317.00    852.00    397.00    148.00
   75                 357.00    376.00    847.00   1139.00   1092.00    319.00    381.00    296.00    437.00   1229.00    563.00    210.00
   76                 329.00    343.00    758.00    965.00    936.00    291.00    350.00    255.00    396.00   1055.00    491.00    189.00
   77                 375.00    406.00    926.00   1369.00   1298.00    343.00    414.00    325.00    484.00   1469.00    645.00    238.00
   78                 375.00    415.00    948.00   1452.00   1382.00    345.00    426.00    332.00    498.00   1546.00    680.00    246.00
   80                   7.00     10.00     42.00    124.00    108.00     11.00     10.00     11.00     22.00    124.00     37.00     10.00
   81                 417.00    473.00   1195.00   2184.00   1996.00    410.00    488.00    394.00    630.00   2277.00    902.00    304.00
   83                   8.00     10.00     45.00    132.00    116.00     12.00     11.00     11.00     24.00    133.00     39.00     10.00
   85                  39.00     22.00    111.00    124.00    424.00    171.00     86.00     54.00    251.00    172.00     57.00     29.00
   88                  74.00     69.00    183.00    178.00    686.00    146.00    106.00     37.00    232.00    280.00    148.00     74.00
   89                  91.00     81.00    215.00    191.00    798.00    184.00    152.00     64.00    288.00    342.00    183.00     90.00
   92                 210.00    196.00    703.00   1009.00   2551.00    837.00    583.00    297.00   1199.00   1285.00    468.00    225.00
   93                   5.00      5.00     20.00     80.00    113.00     70.00     43.00     19.00     57.00     92.00     25.00      6.00
   94                 249.00    242.00    803.00   1391.00   3248.00   1027.00    800.00    409.00   1415.00   1746.00    596.00    285.00
   97                  47.00     33.00     78.00    148.00    653.00    358.00    153.00    121.00    377.00    310.00     99.00     45.00
   98                  39.00     25.00     53.00     86.00    412.00    247.00     98.00     78.00    266.00    202.00     68.00     33.00
   99                  68.00     75.00     65.00     58.00     47.00     48.00     45.00     45.00     44.00     54.00     64.00     63.00
  100                   5.00      6.00      6.00      5.00      4.00      4.00      4.00      3.00      4.00      5.00      5.00      5.00
  101                  41.00     32.00    109.00     55.00    217.00    123.00     64.00     31.00    114.00    141.00     81.00     33.00
  102                  38.00     29.00    105.00    393.00    546.00    285.00    168.00    150.00    264.00    334.00    118.00     58.00
  103                  40.00     30.00    108.00    401.00    575.00    293.00    179.00    155.00    275.00    346.00    123.00     60.00
  104                  80.00     51.00     66.00     48.00     30.00     30.00     28.00     31.00     29.00     45.00     37.00     53.00
  109                  43.00     23.00     33.00     26.00     14.00     13.00     12.00     14.00     13.00     24.00     18.00     30.00
  110                  12.00     15.00     18.00     39.00     88.00     49.00     32.00     27.00     47.00     45.00     20.00     11.00
  111                  28.00     31.00     69.00    219.00    524.00    274.00    154.00    172.00    226.00    250.00    100.00     43.00
  112                  28.00     32.00     69.00    220.00    529.00    278.00    155.00    174.00    229.00    251.00    101.00     44.00
  113                  31.00     35.00     79.00    267.00    657.00    367.00    180.00    227.00    303.00    285.00    111.00     49.00
  114                  34.00     38.00     90.00    321.00    799.00    465.00    205.00    287.00    387.00    322.00    122.00     55.00
  115                  25.00     19.00     15.00     12.00      8.00     14.00     14.00     17.00     14.00     17.00     16.00     15.00
  116                  10.00      5.00      7.00      6.00      3.00      3.00      2.00      3.00      3.00      6.00      4.00      7.00
  117                  37.00     28.00     33.00     22.00     16.00     17.00     16.00     17.00     16.00     21.00     19.00     23.00
  118                  43.00     23.00     33.00     26.00     14.00     13.00     12.00     14.00     13.00     24.00     18.00     30.00
  119                  53.00     28.00     40.00     32.00     17.00     16.00     14.00     17.00     16.00     30.00     22.00     37.00
  120                  41.00     42.00     29.00     18.00     13.00     13.00     13.00     12.00     10.00     20.00     14.00     20.00
  121                 113.00    122.00     67.00    109.00     72.00     38.00     32.00     35.00     32.00     59.00     48.00     57.00
  122                 134.00    150.00     78.00    116.00     79.00     43.00     36.00     38.00     35.00     67.00     57.00     70.00
  123                 388.00    489.00    219.00    229.00    156.00    107.00     86.00     87.00     79.00    167.00    166.00    222.00
  125                 522.00    710.00    276.00    307.00    191.00    131.00    103.00    104.00     95.00    220.00    236.00    287.00
  126                 340.00    340.00    302.00    316.00    154.00     70.00     27.00     23.00     16.00    172.00    207.00    312.00
  127                 870.00   1144.00    392.00    406.00    244.00    160.00    117.00    113.00    106.00    262.00    297.00    402.00
  129                1085.00   1351.00    581.00    621.00    414.00    253.00    188.00    185.00    172.00    405.00    459.00    602.00
  130                1264.00   1559.00    669.00    687.00    449.00    294.00    218.00    213.00    200.00    461.00    521.00    686.00
  131                 144.00    144.00    144.00    144.00    144.00     86.00     67.00     68.00     62.00    134.00    144.00    144.00
  132                  42.00     38.00     28.00     45.00     39.00     10.00      6.00      6.00      7.00     13.00     15.00     36.00
  134                 388.00    449.00    125.00     87.00     68.00     43.00     33.00     27.00     23.00     86.00    225.00    270.00
  135                 208.00    188.00    159.00    117.00     89.00     76.00     67.00     59.00     60.00     70.00    109.00    173.00
  141                1641.00   1668.00    621.00    482.00    376.00    197.00    169.00    152.00    132.00    362.00    705.00    868.00
  144                2069.00   2407.00    934.00    715.00    550.00    324.00    265.00    223.00    192.00    499.00   1011.00   1252.00
  145                 110.00    173.00    175.00    116.00     91.00     56.00     47.00     44.00     46.00     50.00     91.00    120.00
  148                1799.00   1929.00    738.00    567.00    439.00    282.00    222.00    177.00    154.00    410.00    811.00   1000.00
  149                 562.00    408.00    164.00    141.00    111.00     71.00     56.00     46.00     42.00    101.00    123.00    187.00
  154                 124.00    127.00    116.00    110.00     98.00     87.00     82.00     79.00     77.00    112.00    101.00    142.00
  155                 753.00    488.00    178.00    115.00     89.00     39.00     34.00     34.00     29.00     72.00     98.00    184.00
  156                3862.00   2616.00   1075.00    574.00    409.00    148.00     99.00     78.00     70.00    243.00    578.00   1142.00
  158                  51.00     54.00     38.00     24.00     21.00     22.00     17.00     15.00     10.00     12.00     19.00     42.00
  160                  16.00     14.00     12.00     13.00      7.00      5.00      5.00      5.00      5.00      7.00      6.00     10.00
  161                 263.00    144.00    206.00     93.00     65.00     49.00     47.00     52.00     42.00    103.00     82.00    140.00
  164                 183.00     93.00    140.00     45.00     35.00     19.00     19.00     21.00     13.00     58.00     45.00     87.00
  168                4500.00   3516.00   3409.00   1462.00    717.00    399.00    399.00    384.00    353.00    352.00   1003.00   2240.00
  169                6510.00   7121.00   5847.00   2244.00   1220.00    586.00    536.00    481.00    436.00    476.00   1412.00   3024.00
  171                   0.00      3.00      0.00      0.00      0.00      0.00      0.00      0.00      0.00      0.00      0.00      0.00
  172                6381.00   7611.00   6001.00   2448.00   1244.00    589.00    539.00    483.00    441.00    462.00   1340.00   2946.00
  173                6381.00   7611.00   6001.00   2448.00   1244.00    589.00    539.00    483.00    441.00    462.00   1340.00   2946.00
  175                6381.00   7611.00   6001.00   2448.00   1244.00    589.00    539.00    483.00    441.00    462.00   1340.00   2946.00
  176                6381.00   7611.00   6001.00   2448.00   1244.00    589.00    539.00    483.00    441.00    462.00   1340.00   2946.00
  178                6221.00   7736.00   6026.00   2562.00   1258.00    590.00    541.00    485.00    443.00    448.00   1299.00   2871.00
  183                 324.00    184.00     71.00     59.00     50.00     28.00     23.00     20.00     18.00     62.00    100.00    101.00
  187                 122.00    123.00    122.00    101.00     87.00     77.00     68.00     62.00     61.00     68.00     86.00    112.00
  188                1047.00    705.00    211.00    105.00     66.00     27.00     19.00     17.00     12.00     44.00    343.00   1388.00
  190                1344.00    680.00    775.00    620.00    369.00    250.00    217.00    196.00    192.00    234.00    442.00    839.00
  191                2959.00   2234.00   1425.00    700.00    421.00    288.00    197.00    122.00    120.00    224.00    638.00   1721.00
  196                  83.00    108.00     45.00     42.00     26.00     20.00     16.00     14.00     14.00     40.00     55.00     67.00
  197                  70.00     84.00     40.00     36.00     25.00     18.00     14.00     13.00     14.00     34.00     29.00     42.00
  198                 139.00    165.00     81.00     77.00     57.00     40.00     31.00     31.00     29.00     68.00     59.00     89.00
  199                1323.00   1632.00    700.00    719.00    470.00    308.00    228.00    223.00    209.00    483.00    546.00    718.00
  201                  42.00     32.00     20.00     49.00     35.00      7.00      4.00      4.00      5.00      9.00     11.00     27.00
  202                  17.00     13.00      8.00     20.00     14.00      3.00      2.00      2.00      2.00      4.00      4.00     11.00
  203                  62.00     47.00     29.00     72.00     51.00     11.00      6.00      7.00      7.00     13.00     16.00     40.00
  204                1363.00   1460.00   2400.00   2890.00   2316.00   2085.00   1476.00   1034.00    625.00    395.00    440.00    798.00
  205                 257.00    228.00    149.00     84.00     60.00     51.00     38.00     29.00     27.00     33.00     92.00    152.00
  206                 607.00    807.00    371.00    269.00    182.00     83.00     68.00     64.00     52.00    118.00    166.00    202.00
  207                 608.00    808.00    374.00    270.00    183.00     84.00     69.00     64.00     52.00    118.00    167.00    203.00
  209                 731.00    828.00    570.00    295.00    200.00    181.00    138.00    109.00     89.00    129.00    278.00    493.00
  211                 644.00    624.00    277.00    251.00    158.00    105.00     81.00     76.00     75.00    213.00    184.00    305.00
  215                  73.00     41.00    209.00    233.00    796.00    322.00    162.00    101.00    472.00    324.00    107.00     55.00
  216                  93.00     84.00    238.00    229.00    920.00    216.00    180.00     76.00    325.00    382.00    202.00     98.00
  217                 187.00    158.00    526.00    610.00   1999.00    648.00    459.00    245.00    971.00    852.00    383.00    194.00
  220                   9.00      8.00     34.00    137.00    193.00    120.00     75.00     33.00     98.00    157.00     43.00     11.00
  222                 406.00    457.00   1131.00   1989.00   1852.00    394.00    471.00    378.00    595.00   2084.00    840.00    288.00
  225                 379.00    476.00    511.00    376.00    187.00     75.00     40.00     25.00     20.00     31.00     76.00    213.00
  226                 161.00    167.00    171.00    161.00    151.00    147.00    145.00    143.00    143.00    145.00    148.00    155.00
  227                1516.00   1496.00   1681.00   1144.00    701.00    540.00    446.00    374.00    344.00    418.00    873.00   1260.00
  228                1665.00   1623.00   1846.00   1270.00    771.00    594.00    490.00    410.00    376.00    455.00    939.00   1365.00
  229                4837.00   4730.00   5123.00   4422.00   2050.00   1179.00    786.00    578.00    521.00    638.00   1979.00   3625.00
  230                4873.00   4748.00   5151.00   4469.00   2079.00   1189.00    791.00    580.00    522.00    638.00   1971.00   3625.00
  237                 656.00    713.00    451.00    207.00    164.00    166.00    148.00    148.00    133.00    238.00    231.00    288.00
  238                 698.00    866.00    514.00    262.00    203.00    194.00    172.00    171.00    156.00    261.00    266.00    320.00
  239                 806.00   1126.00    637.00    366.00    278.00    247.00    219.00    218.00    200.00    309.00    331.00    386.00
  240                 824.00   1296.00    684.00    412.00    305.00    280.00    244.00    245.00    238.00    346.00    371.00    430.00
  241                 181.00    198.00    181.00    147.00    113.00    106.00     96.00     91.00     86.00    114.00    160.00    173.00
  242                 834.00   1357.00    703.00    431.00    316.00    293.00    255.00    256.00    252.00    361.00    387.00    449.00
  243                 809.00   1432.00    726.00    459.00    331.00    304.00    264.00    265.00    263.00    367.00    407.00    468.00
  244                9639.00  11710.00   6905.00   4647.00   3298.00   2374.00   1906.00   1725.00   1529.00   2755.00   4200.00   5215.00
  245                9994.00  12196.00   7325.00   5013.00   3584.00   2627.00   2131.00   1947.00   1764.00   3083.00   4531.00   5619.00
  246               10532.00  13052.00   8279.00   5824.00   4184.00   3213.00   2625.00   2419.00   2285.00   3708.00   5081.00   6249.00
  247                 218.00    246.00    227.00    152.00    102.00     78.00     67.00     58.00     50.00     87.00    147.00    175.00
  248                 227.00    256.00    236.00    159.00    106.00     82.00     69.00     61.00     52.00     89.00    153.00    181.00
  249                 295.00    396.00    230.00    179.00    115.00    146.00    117.00     94.00    107.00    276.00    158.00    116.00
  251                 353.00    313.00    187.00     94.00     70.00     65.00     45.00     37.00     31.00     40.00    101.00    261.00
  252                  70.00     93.00     79.00     60.00     46.00     48.00     42.00     39.00     35.00     45.00     63.00     66.00
  253                3536.00   2535.00   1664.00    817.00    473.00    310.00    212.00    133.00    129.00    241.00    707.00   1993.00
  254                 251.00     64.00     70.00     35.00     29.00     11.00      7.00      6.00     10.00      8.00    247.00    508.00
  255                 449.00    398.00     84.00     43.00     27.00     22.00     16.00     15.00     10.00     34.00    193.00    451.00
  257                7855.00   4971.00   3455.00   1656.00    865.00    473.00    320.00    214.00    209.00    387.00   1319.00   4474.00
  258                 526.00    438.00    100.00     51.00     32.00     23.00     16.00     15.00     10.00     35.00    212.00    572.00
  259                  70.00     93.00     79.00     60.00     46.00     48.00     42.00     39.00     35.00     45.00     63.00     66.00
  261                 243.00    276.00    255.00    173.00    114.00     88.00     75.00     65.00     56.00     94.00    164.00    194.00
  262                 317.00    180.00     69.00     58.00     49.00     25.00     22.00     20.00     17.00     60.00     97.00    100.00
  263                 388.00    449.00    125.00     87.00     68.00     45.00     34.00     27.00     23.00     85.00    224.00    270.00
  265                  54.00     91.00     39.00     29.00     22.00     14.00     11.00      9.00      7.00     17.00     37.00     45.00
  266               12137.00  14883.00  11101.00   9412.00   6703.00   5368.00   4444.00   3940.00   3813.00   8421.00   7852.00   7843.00
  267                 557.00    405.00    163.00    140.00    110.00     70.00     56.00     46.00     42.00    100.00    122.00    185.00
  269                 695.00   1097.00   1824.00   1999.00   2176.00   1386.00    958.00    787.00    627.00    601.00    896.00   1019.00
  270                2390.00   1924.00   1189.00    588.00    370.00    266.00    182.00    111.00    110.00    206.00    565.00   1416.00
  271               16010.00   9557.00   8444.00   5307.00   2577.00   1493.00   1077.00    814.00    748.00   1113.00   3195.00   7387.00
  273               12793.00   7461.00   5463.00   2666.00   1310.00    656.00    442.00    303.00    286.00    523.00   1886.00   6475.00
  274               18020.00  12444.00  11471.00   8050.00   3720.00   1576.00    989.00    671.00    588.00    873.00   2811.00   8162.00
  275               33858.00  27541.00  29674.00  24363.00  11023.00   4362.00   2645.00   1787.00   1503.00   1933.00   5612.00  13274.00
  276               13371.00  12746.00  15368.00  13772.00   6165.00   2352.00   1398.00    942.00    772.00    895.00   2365.00   4316.00
  277                 456.00    495.00    610.00    734.00    538.00    262.00    225.00    167.00    147.00    152.00    196.00    305.00
  278                 317.00    393.00    347.00    117.00     51.00     50.00     46.00     41.00     39.00     77.00    168.00    293.00
  279                 540.00   1189.00   1388.00    794.00    335.00    170.00     62.00     29.00     36.00     48.00    270.00    608.00
  280                1365.00   1466.00   2403.00   2901.00   2324.00   2094.00   1481.00   1039.00    628.00    396.00    441.00    799.00
  281                  83.00     95.00     85.00     75.00     67.00     65.00     61.00     60.00     58.00     68.00     73.00     85.00
  282                  83.00     92.00     80.00     71.00     58.00     59.00     55.00     55.00     54.00     66.00     78.00     77.00
  283                 155.00    155.00     55.00     37.00     28.00     10.00      8.00      8.00      8.00     11.00     81.00    294.00
  284                  48.00     34.00     80.00    155.00    684.00    372.00    163.00    127.00    391.00    324.00    103.00     47.00
  285               19407.00  25090.00  27171.00  26569.00  17003.00  18741.00  10568.00   4668.00   3751.00   3744.00   7394.00  18026.00
  286                  15.00     15.00     66.00    157.00    181.00     32.00     32.00     17.00     46.00    138.00     53.00     16.00
  287               19772.00  25137.00  27307.00  26981.00  17338.00  19257.00  10893.00   4895.00   3876.00   3854.00   7477.00  18108.00
  288               19711.00  20273.00  23805.00  21934.00  12378.00   5025.00   2312.00   1147.00    841.00    921.00   2761.00   8022.00
  289                  55.00     60.00     52.00     47.00     38.00     39.00     36.00     36.00     35.00     44.00     52.00     51.00
  290                1028.00   1463.00   2775.00   3788.00   4185.00   3192.00   2406.00   1847.00   1036.00    642.00    668.00    758.00
  291                 414.00    856.00    896.00    557.00    265.00    172.00    102.00     57.00     48.00     44.00    132.00    304.00
  292               13900.00  13900.00  13900.00  13900.00   9478.00   3425.00   1212.00    247.00     91.00    221.00   1961.00   7122.00
  293                7191.00   7792.00  11571.00   9569.00   3766.00   1952.00   1262.00    980.00    809.00    764.00    993.00   1462.00
  294                 168.00    181.00    168.00    133.00    104.00     97.00     89.00     84.00     80.00    108.00    148.00    160.00
  295                  68.00     84.00     80.00     67.00     61.00     62.00     58.00     56.00     56.00     57.00     69.00     63.00
  296                  33.00     42.00     43.00     36.00     31.00     33.00     31.00     30.00     29.00     31.00     35.00     33.00
  297                1375.00   1478.00   2417.00   2926.00   2343.00   2114.00   1493.00   1048.00    634.00    399.00    445.00    804.00
  298                 160.00    160.00    160.00    160.00    119.00     82.00     65.00     65.00     60.00    130.00    146.00    160.00
  299                1049.00   1352.00    480.00    472.00    279.00    201.00    147.00    141.00    134.00    318.00    359.00    486.00
  300                   0.00      0.00      0.00      0.00      0.00      0.00      0.00      0.00      0.00      0.00      0.00      0.00
  301                  43.00     23.00     33.00     26.00     14.00     13.00     12.00     14.00     13.00     24.00     18.00     30.00
  302                5811.00   6373.00   9905.00   8034.00   2900.00   1600.00   1100.00    900.00    750.00    700.00    800.00    900.00
  303                  51.00     51.00     42.00     51.00     18.00     10.00      6.00      6.00      7.00     13.00     22.00     48.00
  304                   7.00      0.00      0.00     17.00      0.00      0.00      0.00      0.00      0.00      0.00      0.00      0.00
  306                 195.00    195.00    186.00    195.00    162.00     96.00     73.00     74.00     69.00    147.00    166.00    192.00
  313                 320.00    358.00    362.00    280.00    196.00    154.00    129.00    112.00    115.00    142.00    184.00    258.00
  314                1108.00   1425.00    511.00    504.00    300.00    215.00    158.00    151.00    143.00    340.00    384.00    518.00
  315                 197.00    182.00    169.00    207.00    145.00     86.00     67.00     68.00     62.00    134.00    151.00    175.00
  316                 190.00    182.00    169.00    190.00    145.00     86.00     67.00     68.00     62.00    134.00    151.00    175.00
  317                  17.00      7.00      0.00     24.00     10.00      0.00      0.00      0.00      0.00      0.00      0.00      2.00
  318                 108.00     65.00     87.00     58.00     37.00     35.00     32.00     36.00     33.00     57.00     45.00     69.00
  319                  98.00     60.00     80.00     53.00     33.00     32.00     29.00     33.00     30.00     51.00     42.00     62.00
  320                  53.00     28.00     40.00     32.00     17.00     16.00     14.00     17.00     16.00     30.00     22.00     37.00
